train_range;test_range;UF;PRODUCT;MODEL;PARAMS;WINDOW;HORIZON;RMSE;MAPE;POCID;PBE;MCPM;MASE;P1;P2;P3;P4;P5;P6;P7;P8;P9;P10;P11;P12;error_series;Test Statistic;p-value;Lags Used;Observations Used;Critical Value (1%);Critical Value (5%);Critical Value (10%);Stationary
1990-01_2023-02;2023-03_2024-02;PE;glp;ARIMA;"{'alphas': array([1.00000000e-03, 4.64158883e-03, 2.15443469e-02, 1.00000000e-01,
       4.64158883e-01, 2.15443469e+00, 1.00000000e+01, 4.64158883e+01,
       2.15443469e+02, 1.00000000e+03])}";36;12;2809.5343509676436;0.04914966159127343;63.63636363636363;2.972602267550837;44299.26072275374;1.6029394169456583;45178.95863963412;44396.34043980206;46380.6906019876;44155.985821577946;43482.200749427146;45988.62329801199;47708.43905207255;45683.181584076374;42515.73343415134;45169.217927123806;43673.39341895506;44062.39005802799;[1181.391000365882, -2588.197319802057, -227.95509198759828, 4518.157298422055, 5604.570990572851, 4207.322351988012, -925.9716620725521, 629.7731259236243, 2548.96221584866, 1998.0882328761945, 1387.2333910449452, -1838.7070880279862];-1.3823671207469632;0.5906997438744248;17;379;-3.4477224095888497;-2.869196333125208;-2.5708486586002604;False
1990-01_2022-02;2022-03_2023-02;PE;glp;ARIMA;"{'alphas': array([1.00000000e-03, 4.64158883e-03, 2.15443469e-02, 1.00000000e-01,
       4.64158883e-01, 2.15443469e+00, 1.00000000e+01, 4.64158883e+01,
       2.15443469e+02, 1.00000000e+03])}";36;12;3104.9457474962455;0.05884693179162984;45.45454545454545;0.4115480902060892;73415.8328779334;inf;43813.98717034315;44388.220534678716;47179.897737741136;45618.09285269503;44110.16156696693;44300.55625149512;47538.739340778215;45120.304629092316;44352.58506709565;44330.437540562416;45559.70607698125;43486.25612736666;[3136.193989656851, -2561.122704678717, -2103.3941177411325, 771.6825073049695, 3061.3348130330633, 5711.744468504876, -693.5473107782163, -355.15245909231453, -1291.6665870956494, 4362.029849437582, -3405.135426981251, -4402.254317366656];-1.450634429633168;0.5577753032428693;17;367;-3.448294490928673;-2.869447722240253;-2.570982681065269;False
1990-01_2021-02;2021-03_2022-02;PE;glp;ARIMA;"{'alphas': array([1.00000000e-03, 4.64158883e-03, 2.15443469e-02, 1.00000000e-01,
       4.64158883e-01, 2.15443469e+00, 1.00000000e+01, 4.64158883e+01,
       2.15443469e+02, 1.00000000e+03])}";36;12;3138.127630985185;0.060305966061756026;72.72727272727273;-4.100247784979787;37142.180462582066;1.8161974962069896;48121.10942858603;45364.80632676268;49578.139102737725;46527.04321820272;46235.51316143724;48851.859229541114;47754.806713627724;47210.551428461666;45931.99421175146;47572.01677191332;46886.4591547137;46001.646432837784;[-23.603998586033413, -950.119736762681, -4712.269532737722, 1459.9042417972814, 3341.4451685627646, -795.0331395411122, -2281.411783627722, -3237.707228461666, -2992.5449317514576, -1780.3011919133205, -5305.056984713701, -5018.037732837787];-1.005130487321018;0.7513884773189283;17;355;-3.448905534655263;-2.8697161816205705;-2.5711258103550882;False
1990-01_2020-02;2020-03_2021-02;PE;glp;ARIMA;"{'alphas': array([1.00000000e-03, 4.64158883e-03, 2.15443469e-02, 1.00000000e-01,
       4.64158883e-01, 2.15443469e+00, 1.00000000e+01, 4.64158883e+01,
       2.15443469e+02, 1.00000000e+03])}";36;12;3157.647214964154;0.056731423989959305;27.272727272727273;2.141937746168492;99519.45386918705;1.1662081396594066;45750.60434778924;47761.7636377807;48139.634945398386;45773.22371270171;45751.14335684342;47141.836084329414;48439.9997862391;46742.22687731363;46211.425192205;44755.13795610206;46346.87783450731;44703.51288432821;[2280.9137722107625, -2626.0806677806977, -2092.763565398389, 2877.874117298292, 6441.537803156578, 2665.243625670584, 331.10347376090067, 2627.1300026863682, -1489.988602205005, 5263.66639389794, -1313.7908745073073, -2761.788244328207];-1.149415509427726;0.6949689531158426;17;343;-3.449559661646851;-2.8700035112469626;-2.5712790073013796;False
1990-01_2019-02;2019-03_2020-02;PE;glp;ARIMA;"{'alphas': array([1.00000000e-03, 4.64158883e-03, 2.15443469e-02, 1.00000000e-01,
       4.64158883e-01, 2.15443469e+00, 1.00000000e+01, 4.64158883e+01,
       2.15443469e+02, 1.00000000e+03])}";36;12;2627.8571984005107;0.0465299835362753;72.72727272727273;1.5340469094763725;31087.010635738934;0.9384022182340893;45600.70777613172;45732.44390442193;46053.718796976966;45493.34201534224;47295.69297537798;46829.27616254565;48592.05443817273;45327.14183536351;44429.40636042647;45291.80560697321;46812.61725223163;45662.31146341257;[-633.6878461317174, 217.75899557806406, 2319.431563023034, -225.42897534224176, 3657.424774622021, 2627.4122474543547, -540.0942981727276, 4307.454174636492, 1299.0211795735304, 2968.2161330267845, -3434.3672522316265, -3945.818713412569];-1.042623622516393;0.7374027509925659;17;331;-3.4502615951739393;-2.8703117734117742;-2.5714433728242714;False
1990-01_2018-02;2018-03_2019-02;PE;glp;ARIMA;"{'alphas': array([1.00000000e-03, 4.64158883e-03, 2.15443469e-02, 1.00000000e-01,
       4.64158883e-01, 2.15443469e+00, 1.00000000e+01, 4.64158883e+01,
       2.15443469e+02, 1.00000000e+03])}";36;12;3413.2595871158555;0.05318261011015355;54.54545454545455;-2.778826750313624;67260.7751244064;0.9238702146414638;49616.37609825368;46221.75391331604;50581.38274152164;47396.11432163946;46281.29059744119;49507.56170071936;50077.95251741594;48421.94525496445;44114.953734086455;47329.422806115246;45878.13388117061;45684.088708132396;[-2494.5626882536744, 984.6863066839578, -10125.254121521633, -3141.6650466394567, 1771.4793325588107, 1147.1194592806423, -2262.0086774159427, -974.1553949644513, 2460.580685913548, -306.1637461152495, -789.583161170609, -1711.5760281323965];-0.6903705988828135;0.8492280279896367;17;319;-3.4510167751522642;-2.87064334231426;-2.5716201744283174;False
1990-01_2017-02;2017-03_2018-02;PE;glp;ARIMA;"{'alphas': array([1.00000000e-03, 4.64158883e-03, 2.15443469e-02, 1.00000000e-01,
       4.64158883e-01, 2.15443469e+00, 1.00000000e+01, 4.64158883e+01,
       2.15443469e+02, 1.00000000e+03])}";36;12;3327.22244151745;0.0614350835176627;63.63636363636363;3.5641437134886518;52479.64521000268;1.0293299291653757;45563.65433785153;46617.92886194574;47640.35249483503;46023.92244949507;45341.88319663926;48208.320853356316;47833.60210113146;47097.50249956872;45237.30864773766;45706.3874143243;46538.73828515884;44441.337135891285;[4665.160082148475, -3764.129951945739, 1035.3286651649687, 2919.9490205049296, 5699.779843360739, 5120.050236643685, 2706.0854988685387, 1313.9929504312822, 1716.1851122623411, 3002.4609856757015, -1640.1187151588383, -2216.4331458912857];-0.9461449592794106;0.772396821997333;17;307;-3.4518314994261337;-2.8710009653519166;-2.571810878948318;False
1990-01_2016-02;2016-03_2017-02;PE;glp;ARIMA;"{'alphas': array([1.00000000e-03, 4.64158883e-03, 2.15443469e-02, 1.00000000e-01,
       4.64158883e-01, 2.15443469e+00, 1.00000000e+01, 4.64158883e+01,
       2.15443469e+02, 1.00000000e+03])}";36;12;2821.226037520919;0.05209124979779531;27.272727272727273;-0.013401879449743477;88910.85535867958;1.5346695505726982;44372.149976712826;47569.83639986286;48762.980103567774;47407.050251373854;45188.68865757124;47175.01531335497;48612.37367044504;45986.30437365171;47652.144135525734;45726.93818607172;47301.162640137525;45212.84342389464;[2656.8953132871757, -1418.2240798628627, -2763.894963567771, 37.746848626149585, 2670.862062428758, 4427.640486645032, -908.5584504450453, 730.6340363482959, -1285.551745525736, 3912.610723928279, -3497.1264101375273, -4638.2039338946415];-1.1770390143207357;0.6833941498873689;15;297;-3.4525611751768914;-2.87132117782556;-2.5719816428028888;False
1990-01_2015-02;2015-03_2016-02;PE;glp;ARIMA;"{'alphas': array([1.00000000e-03, 4.64158883e-03, 2.15443469e-02, 1.00000000e-01,
       4.64158883e-01, 2.15443469e+00, 1.00000000e+01, 4.64158883e+01,
       2.15443469e+02, 1.00000000e+03])}";36;12;3084.7326794195474;0.05505290544765581;36.36363636363637;-2.9693166849817936;85075.95295986082;1.32404047348931;48140.12159647928;49586.19713801295;49030.74300531303;47780.59165279686;46576.36740930933;51271.818449865;48845.45814143057;49242.90515335525;47945.274831045;47667.26104509952;47785.297510317556;47216.22174053414;[-0.8226864792814013, -4223.6717780129475, -3381.578145313033, 245.35399720314308, 5020.897080690673, -1595.3184498650007, -808.0070514305698, -987.5464533552513, -3993.7929510449976, 1564.219024900478, -4545.659830317556, -4050.861230534145];-0.5727790152109293;0.8770149924515501;14;286;-3.4534232986669546;-2.8716994185534745;-2.5721833625116144;False
1990-01_2014-02;2014-03_2015-02;PE;glp;ARIMA;"{'alphas': array([1.00000000e-03, 4.64158883e-03, 2.15443469e-02, 1.00000000e-01,
       4.64158883e-01, 2.15443469e+00, 1.00000000e+01, 4.64158883e+01,
       2.15443469e+02, 1.00000000e+03])}";36;12;2966.9436229238745;0.05012424419778629;63.63636363636363;3.413993330671107;46782.431431756435;0.6923186653597495;48377.541863262275;47097.187628447;48310.556888337895;44607.00448014053;46566.12368384122;49976.21963248491;46370.50126032387;47921.34547370911;45167.41005008538;46553.23254350893;46876.0008885361;45661.05405172549;[-2006.598023262275, -190.55175844699988, 1678.0155716621084, 1573.7237798594724, 5639.756746158775, 2008.1463075150969, 5055.929899676128, 2554.728806290892, 1886.448649914615, 4167.984846491068, 260.8904114639008, -2711.188111725489];-0.44285344388668013;0.9026941825661596;14;274;-3.4544435065994437;-2.8721468827772774;-2.572422013959188;False
1990-01_2013-02;2013-03_2014-02;PE;glp;ARIMA;"{'alphas': array([1.00000000e-03, 4.64158883e-03, 2.15443469e-02, 1.00000000e-01,
       4.64158883e-01, 2.15443469e+00, 1.00000000e+01, 4.64158883e+01,
       2.15443469e+02, 1.00000000e+03])}";36;12;2852.58086718923;0.049190657375443425;90.9090909090909;2.844918235195909;11290.079110272454;0.821936221161867;48117.78226664957;45475.82838593142;46959.13884944097;44387.17196154018;45092.51462777016;47748.5315985195;45885.94506689331;46859.462634612275;43764.944357380096;45593.82524530811;45167.99432030596;45011.51411302669;[-4569.836616649569, -103.79129593141988, -531.4807494409688, 315.4754284598166, 4905.152042229842, 2721.1857914805005, 1516.986093106687, 2938.235375387725, 3398.2398726199026, 4036.6314946918937, 2326.4295896940384, -846.102883026695];-1.0931860402731273;0.7177815697658951;13;263;-3.4554613060274972;-2.8725931472675046;-2.5726600403359887;False
1990-01_2012-02;2012-03_2013-02;PE;glp;ARIMA;"{'alphas': array([1.00000000e-03, 4.64158883e-03, 2.15443469e-02, 1.00000000e-01,
       4.64158883e-01, 2.15443469e+00, 1.00000000e+01, 4.64158883e+01,
       2.15443469e+02, 1.00000000e+03])}";36;12;2585.3604686760073;0.04718888314336917;90.9090909090909;3.9478799052699283;10230.230897792586;1.3831586739283164;45046.311032530444;43607.40592840923;46533.32769109513;44245.7294299762;43546.85239402147;45540.12524647152;44410.4093432793;44992.363029001885;41759.534754798726;44641.2794090007;43258.18039613854;42089.99319054687;[1765.4317174695534, -1290.5611484092296, -267.52501109513105, 1350.4965600237992, 3856.361755978527, 4223.6519235284795, 630.7995367206968, 3394.0482009981133, 4045.2383852012717, 2172.865520999301, 2681.50619386146, -792.0547805468668];-1.2789533182686843;0.6387453538415699;13;251;-3.4566744514553016;-2.8731248767783426;-2.5729436702592023;False
1990-01_2011-02;2011-03_2012-02;PE;glp;ARIMA;"{'alphas': array([1.00000000e-03, 4.64158883e-03, 2.15443469e-02, 1.00000000e-01,
       4.64158883e-01, 2.15443469e+00, 1.00000000e+01, 4.64158883e+01,
       2.15443469e+02, 1.00000000e+03])}";36;12;2439.5222406436624;0.04526373655554935;72.72727272727273;4.031831422534834;28857.73362327072;1.2939522486129893;43339.960877769925;41139.99147865657;44848.74006495978;41705.153561532934;41602.652569152124;44151.259747276454;43001.2488412842;43239.32698014884;40811.956775469596;43433.96780009856;42480.1858365774;40767.48379606788;[-549.7504677699253, 1353.7059013434264, -711.7889149597759, 2299.0160484670632, 4297.655400847878, 4134.533802723548, 2349.0174587158035, 795.9972998511585, 2636.3182845304036, 3446.771329901443, -293.3651865774009, 1690.0252639321188];-1.6812697157519743;0.44078779961595416;13;239;-3.458010773719797;-2.8737103617125186;-2.5732559963936206;False
1990-01_2010-02;2010-03_2011-02;PE;glp;ARIMA;"{'alphas': array([1.00000000e-03, 4.64158883e-03, 2.15443469e-02, 1.00000000e-01,
       4.64158883e-01, 2.15443469e+00, 1.00000000e+01, 4.64158883e+01,
       2.15443469e+02, 1.00000000e+03])}";36;12;3128.1802323059333;0.05645305976268675;45.45454545454545;4.812697736998055;73961.89817075345;1.0775671939797982;40932.988938338734;40260.12694437161;42837.60859698954;39880.80991883275;39537.63548958518;42752.11468939505;41266.008754545175;41537.631091940166;39831.82129193763;40388.48309774295;41071.86684918016;39162.60536027655;[1721.1125116612675, 1248.6774056283903, -1666.2135969895462, 2186.8259511672513, 6990.869190414822, 2950.4523406049484, 3538.7339954548224, 1150.7312280598344, 2281.8906680623695, 5294.750602257045, -813.5066591801587, -137.09854027655092];-1.9846709553678066;0.29333453195522274;13;227;-3.4594900381360034;-2.8743581895178485;-2.573601605503697;False
1990-01_2009-02;2009-03_2010-02;PE;glp;ARIMA;"{'alphas': array([1.00000000e-03, 4.64158883e-03, 2.15443469e-02, 1.00000000e-01,
       4.64158883e-01, 2.15443469e+00, 1.00000000e+01, 4.64158883e+01,
       2.15443469e+02, 1.00000000e+03])}";36;12;2314.5349945207763;0.04380396108560212;54.54545454545455;2.605286602439565;45600.35676105497;0.46570082671453544;40750.70304551447;39895.08775905252;40742.977515838735;39498.55277681962;39552.37784506518;41762.429985577844;40684.45952241605;40915.771184109166;39060.49389016883;39846.750668545734;39904.86874730795;38928.94424896706;[-1593.6342055144705, 57.528180947483634, -839.3743858387315, 2519.925923180381, 5225.983834934821, 1598.3884844221539, 1783.9154775839488, 1875.6635958908373, 724.7452398311725, 3739.296651454264, -341.21657730794686, -1870.0444889670616];-2.1550717112279263;0.22295381466922243;13;215;-3.461136478222043;-2.875078880098608;-2.5739861168199027;False
1990-01_2008-02;2008-03_2009-02;PE;glp;ARIMA;"{'alphas': array([1.00000000e-03, 4.64158883e-03, 2.15443469e-02, 1.00000000e-01,
       4.64158883e-01, 2.15443469e+00, 1.00000000e+01, 4.64158883e+01,
       2.15443469e+02, 1.00000000e+03])}";36;12;2372.542412930797;0.05125917825284807;63.63636363636363;1.9874208605568475;37411.32234465039;0.4339463278636197;41728.476834610345;38729.46384230893;40125.028924909115;38478.76901906135;39176.20765092673;41082.63817430394;40073.972469527376;40436.87813310661;37497.4101298025;39729.43642650544;39709.04128697263;38217.79357945317;[-3541.672484610346, 1333.365867691071, -272.39667490911233, 1558.1737809386468, 4618.556839073273, 1287.472985696062, 2195.5202804726214, 2569.855166893387, 1218.7776501975022, 2491.079573494564, -1108.7894769726263, -2718.5743794531736];-2.0929476610308413;0.2473598221367483;13;203;-3.462980134086401;-2.875885461947131;-2.5744164898444515;False
1990-01_2007-02;2007-03_2008-02;PE;glp;ARIMA;"{'alphas': array([1.00000000e-03, 4.64158883e-03, 2.15443469e-02, 1.00000000e-01,
       4.64158883e-01, 2.15443469e+00, 1.00000000e+01, 4.64158883e+01,
       2.15443469e+02, 1.00000000e+03])}";36;12;3167.6090731602644;0.06575779977554658;72.72727272727273;6.706440617290828;37498.65176221683;0.5082845825808027;38910.26241257178;36583.64135127423;38173.53445186248;36785.168812095435;35946.31372162449;39741.53608869377;37985.40285402198;37619.216627082445;34569.30812347479;37479.72050902716;37490.80010942833;35450.42031037537;[797.4637974282232, 515.4178387257707, 2239.7333581375206, 4073.858437904564, 4664.279748375513, 3531.861191306227, 1718.7641559780168, 3922.4046029175515, 5209.09951652521, 4139.336590972838, 329.9030805716684, 971.6050496246316];-2.3225078529200793;0.1648114575387229;13;191;-3.465058702600837;-2.8767942675230356;-2.5749014492475535;False
1990-01_2006-02;2006-03_2007-02;PE;glp;ARIMA;"{'alphas': array([1.00000000e-03, 4.64158883e-03, 2.15443469e-02, 1.00000000e-01,
       4.64158883e-01, 2.15443469e+00, 1.00000000e+01, 4.64158883e+01,
       2.15443469e+02, 1.00000000e+03])}";36;12;2740.5615979156833;0.06213103132748113;90.9090909090909;6.067059855453955;10862.1388217027;0.320905083987692;35741.45730291082;34649.777964459136;36675.77788485723;35391.006590398734;34449.989218482515;37176.94215821554;36189.16089738134;35341.61283319753;34813.252662138446;35635.77150812137;35374.184836470704;33392.37804686831;[1264.7419770891793, -682.256224459139, 1669.6460251427707, 2786.7234796012635, 4654.891211517483, 4168.670161784459, 2495.34091261866, 2660.9777468024695, 2638.736467861556, 3930.9748718786286, 1642.2832835292938, 208.8135931316865];-2.3912647494932853;0.14421706242107013;13;179;-3.4674201432469816;-2.877826051844538;-2.575452082332012;False
1990-01_2005-02;2005-03_2006-02;PE;glp;ARIMA;"{'alphas': array([1.00000000e-03, 4.64158883e-03, 2.15443469e-02, 1.00000000e-01,
       4.64158883e-01, 2.15443469e+00, 1.00000000e+01, 4.64158883e+01,
       2.15443469e+02, 1.00000000e+03])}";36;12;2350.57515586757;0.05677781176602412;45.45454545454545;1.7115543282726062;55577.071084376046;0.21711793544248056;36227.20890102023;35546.30604256683;36064.40469442608;34372.85381023198;34290.80617971387;35598.946666550626;36195.874124408656;34958.86935593831;34512.142205458986;34855.61517026391;35331.55276772574;34020.58544488464;[-2310.518681020236, -338.07416256683064, -1526.1619444260796, 2415.2784397680225, 3130.760850286126, 3853.2326834493724, 670.7617455913423, 1426.6487640616906, 766.3885945410148, 3646.268889736086, -1180.9803077257384, -3205.503924884637];-2.323985715821242;0.16434874443600833;13;167;-3.470126426071447;-2.8790075987120027;-2.5760826967621644;False
1990-01_2004-02;2004-03_2005-02;PE;glp;ARIMA;"{'alphas': array([1.00000000e-03, 4.64158883e-03, 2.15443469e-02, 1.00000000e-01,
       4.64158883e-01, 2.15443469e+00, 1.00000000e+01, 4.64158883e+01,
       2.15443469e+02, 1.00000000e+03])}";36;12;2754.3130959919117;0.06036684749515028;27.272727272727273;4.339098991660373;86812.265414159;0.22743434384413794;32335.791021918063;35337.05232407616;34097.80451952981;33629.72002556216;33567.36210999186;33646.35594799245;35716.676955992756;34060.440562022166;34764.524159391265;33407.10209026225;34075.86889183384;32825.518966287666;[4866.530798081934, -1576.912324076162, -118.34815952981444, 1803.65997443784, 4493.659710008142, 3219.642232007551, 710.548494007242, 1129.2230779778329, 1261.3794806087317, 4957.128819737751, -616.7982418338361, -1647.4754862876653];-2.204819762779439;0.20450081403663728;13;155;-3.4732590518613002;-2.880374082105334;-2.5768120811654525;False
1990-01_2003-02;2003-03_2004-02;PE;glp;ARIMA;"{'alphas': array([1.00000000e-03, 4.64158883e-03, 2.15443469e-02, 1.00000000e-01,
       4.64158883e-01, 2.15443469e+00, 1.00000000e+01, 4.64158883e+01,
       2.15443469e+02, 1.00000000e+03])}";36;12;3929.785102361969;0.09626122970609542;45.45454545454545;-8.99732108151982;92983.17793055567;0.28733408762524554;35889.136185730735;38868.74612868142;37190.79050467415;36609.41415573891;37202.43507759811;35691.64720219561;42422.33768530037;37158.40174807706;36882.46438595702;35617.308288780805;36257.33122128041;35896.76936084096;[-4771.547095730733, -6120.766128681422, -3864.6359546741514, -2564.499605738907, -39.42234759810526, 700.8037078043926, -7586.903135300374, -1310.7126580770637, -3279.886205957024, 31.08262121919688, -3224.1166712804115, -4759.173000840961];-2.3067146483933505;0.1698115083742207;13;143;-3.4769274060112707;-2.8819726324025625;-2.577665408088415;False
1990-01_2002-02;2002-03_2003-02;PE;glp;ARIMA;"{'alphas': array([1.00000000e-03, 4.64158883e-03, 2.15443469e-02, 1.00000000e-01,
       4.64158883e-01, 2.15443469e+00, 1.00000000e+01, 4.64158883e+01,
       2.15443469e+02, 1.00000000e+03])}";36;12;4132.091820345739;0.09963511125903285;9.090909090909092;-3.8660929600930283;162841.12529903665;0.4502514296211238;37777.44053009719;38595.07591244396;38252.615059620926;38470.090689917255;37388.80846413285;40457.17132463442;41913.13507187179;39061.622182044644;38128.45835065242;38025.709143594235;39713.33544376857;37244.509967193415;[4374.855829902808, -3567.986822443956, 2553.8667603790745, -4581.096139917252, 3159.2860858671484, -2749.480414634425, -4270.776891871785, 441.1978179553553, -1201.018350652419, 2047.9926764057673, -9263.82453376857, -4252.239057193416];-1.8492976686660654;0.356275728440096;13;131;-3.481281802271349;-2.883867891664528;-2.5786771965503177;False
1990-01_2001-02;2001-03_2002-02;PE;glp;ARIMA;"{'alphas': array([1.00000000e-03, 4.64158883e-03, 2.15443469e-02, 1.00000000e-01,
       4.64158883e-01, 2.15443469e+00, 1.00000000e+01, 4.64158883e+01,
       2.15443469e+02, 1.00000000e+03])}";36;12;2310.4909965967763;0.047269764975769284;72.72727272727273;-2.046587444717572;27333.448915973135;0.28563181775087904;39257.04369457134;38622.637275967594;39834.57858923733;39535.99978954602;36948.290128379514;41854.81698024999;41270.62035287692;41008.53336931553;39383.172033485156;40096.11766546211;40030.655195749976;39052.95413370155;[-375.2836945713352, -1291.2481859675972, 611.2123207626719, 981.1111204539848, 3623.258961620486, -745.4460702499928, -2661.207622876922, -408.2915493155306, -1266.6520334851593, 670.3932445378887, -4169.669745749976, -4532.51595370155];-1.5265150733708577;0.5203563262064049;13;119;-3.4865346059036564;-2.8861509858476264;-2.579896092790057;False
1990-01_2000-02;2000-03_2001-02;PE;glp;ARIMA;"{'alphas': array([1.00000000e-03, 4.64158883e-03, 2.15443469e-02, 1.00000000e-01,
       4.64158883e-01, 2.15443469e+00, 1.00000000e+01, 4.64158883e+01,
       2.15443469e+02, 1.00000000e+03])}";36;12;2622.559967171476;0.04621475191460576;63.63636363636363;0.18797743654866014;41347.81933018745;0.2970039058332775;39811.01133262195;38917.45774959138;39931.000865384325;39069.43816941913;37918.42523395731;39729.22544825794;40596.452320262506;40026.10920039535;39083.41764008657;39216.13534204506;39889.92315198189;38190.200244697924;[-170.158602621952, -701.4850195913823, 942.6318646156724, 711.7563805808677, 4101.236586042694, 2846.200001742065, -492.1486802625077, 644.8907996046473, -482.0030900865677, 1409.27920795494, -685.1831519818952, -7235.378424697923];-1.045438939378372;0.7363330231767812;13;107;-3.492995948509562;-2.888954648057252;-2.58139291903223;False
1990-01_1999-02;1999-03_2000-02;PE;glp;ARIMA;"{'alphas': array([1.00000000e-03, 4.64158883e-03, 2.15443469e-02, 1.00000000e-01,
       4.64158883e-01, 2.15443469e+00, 1.00000000e+01, 4.64158883e+01,
       2.15443469e+02, 1.00000000e+03])}";36;12;1791.1072182431392;0.03460194066797468;63.63636363636363;0.9841048901230202;28230.005721686437;0.22372661211750103;37398.04969694704;38251.45781140009;39740.870418919265;37575.82577281064;37659.40092235189;39765.10072891365;40265.43997242872;39075.21267940499;38373.298783045044;39478.716888089344;39081.498492365376;37274.4194194276;[2013.1012130529562, -1203.930541400092, -1269.812238919265, 1446.7469571893598, 4506.46998764811, 258.1247210863512, -520.1217924287193, 141.24550059501053, -157.29878304504382, 2159.466751910659, -1137.7094023653772, -1625.2557794276];-0.8607465082396895;0.8006242561751387;13;95;-3.5011373281819504;-2.8924800524857854;-2.5832749307479226;False
1990-01_1998-02;1998-03_1999-02;PE;glp;ARIMA;"{'alphas': array([1.00000000e-03, 4.64158883e-03, 2.15443469e-02, 1.00000000e-01,
       4.64158883e-01, 2.15443469e+00, 1.00000000e+01, 4.64158883e+01,
       2.15443469e+02, 1.00000000e+03])}";36;12;2154.4260834039283;0.051644890192915065;45.45454545454545;0.053030109414782346;50934.51859885309;0.2824233014344236;38239.714548760385;37576.04478762163;38425.40484085249;37319.35702780458;37208.13210205824;38730.83817675219;39476.705468223205;38791.5487794168;38520.60559593686;38145.728201701175;39107.64227341402;36502.74362700671;[-1893.3123787603836, -1687.4360876216306, -1514.4773008524935, 837.0215921954223, 2914.016447941758, 1779.3647232478033, 310.0318517767955, 3528.1867305831984, -1595.5802359368608, 2578.2627382988285, -2111.6750034140205, -2901.372717006714];-0.34744568938046994;0.9185106183889097;12;84;-3.510711795769895;-2.8966159448223734;-2.5854823866213152;False
1990-01_1997-02;1997-03_1998-02;PE;glp;ARIMA;"{'alphas': array([1.00000000e-03, 4.64158883e-03, 2.15443469e-02, 1.00000000e-01,
       4.64158883e-01, 2.15443469e+00, 1.00000000e+01, 4.64158883e+01,
       2.15443469e+02, 1.00000000e+03])}";36;12;2551.9670357395485;0.05634468117519766;72.72727272727273;1.0560375450036126;30200.222957690046;0.27702424282123683;37965.46224548095;36344.01896399353;37006.91027342494;36521.011466711345;36833.797544945475;38333.81496788036;37519.036381536826;37648.489531409185;37115.665953941585;37303.92949229169;37861.141046583405;36652.794299658985;[-1619.476735480952, 592.5480660064713, 2386.5788565750627, 1227.6352732886517, 4641.086515054521, 491.6578621196386, 606.3150684631764, 1670.5503285908126, 700.0206360584125, 2556.695507708311, -4379.418216583406, -4102.191039658985];0.9925070611178429;0.9941862568276189;11;73;-3.5232835753964475;-2.902030597326081;-2.5883710883843123;False
1990-01_1996-02;1996-03_1997-02;PE;glp;ARIMA;"{'alphas': array([1.00000000e-03, 4.64158883e-03, 2.15443469e-02, 1.00000000e-01,
       4.64158883e-01, 2.15443469e+00, 1.00000000e+01, 4.64158883e+01,
       2.15443469e+02, 1.00000000e+03])}";36;12;2492.5809190977216;0.05740469004826645;45.45454545454545;4.657617308237938;58935.270098056484;0.2614890920511315;35706.27340552103;34873.743710849856;34421.71255936761;34828.230055382446;35178.33200493758;35851.416659550654;35532.79731005579;35409.81908099536;34763.06824020763;35238.12771079513;35649.92066948394;34540.95873238246;[-429.50166552103474, 574.9301991501416, 3122.6642506323915, 2436.586974617552, 3761.1245150624163, 2770.5217504493485, 1571.0650099442137, 3089.5975890046393, 1561.4788597923762, 4418.207429204871, -1147.6597994839394, -1113.9605423824614];0.4893762970608506;0.9845465953804157;11;61;-3.542412746661615;-2.910236235808284;-2.5927445767266866;False
1990-01_1995-02;1995-03_1996-02;PE;glp;ARIMA;"{'alphas': array([1.00000000e-03, 4.64158883e-03, 2.15443469e-02, 1.00000000e-01,
       4.64158883e-01, 2.15443469e+00, 1.00000000e+01, 4.64158883e+01,
       2.15443469e+02, 1.00000000e+03])}";36;12;3085.465818778128;0.07353457897687365;45.45454545454545;7.546631981752523;72975.21278254165;0.2535179994385618;32368.38503605239;31279.396339812054;31277.437634000573;32905.95758694713;31749.69167271204;32428.09705785332;33459.99271751371;32070.415729202243;32360.85482795993;32685.155694272355;32006.903527123937;31578.47294923986;[2834.870393947607, 898.5438801879463, 6010.910195999426, 1253.5496630528723, 3136.967747287963, 3869.0949721466786, 1712.822502486284, 3310.0715907977574, 3010.3806820400678, 4397.632345727645, 574.174372876063, 512.695530760142];-1.0168419514505738;0.7470721311669695;11;49;-3.5714715250448363;-2.922629480573571;-2.5993358475635153;False
1990-01_1994-02;1994-03_1995-02;PE;glp;ARIMA;"{'alphas': array([1.00000000e-03, 4.64158883e-03, 2.15443469e-02, 1.00000000e-01,
       4.64158883e-01, 2.15443469e+00, 1.00000000e+01, 4.64158883e+01,
       2.15443469e+02, 1.00000000e+03])}";36;12;2526.7352189958874;0.060936533556164234;45.45454545454545;5.79097065852303;59746.75283610301;0.1588839923675533;29814.213915463733;29474.204774454625;30098.43490814829;30566.940471474838;30773.823578145028;30791.22460827239;30297.294688604903;30932.01995759187;30594.223754770705;30813.86205316698;30794.525481587152;30345.845598745917;[885.3820945362677, 1524.3260255453752, 604.6991518517098, 2214.0377885251655, 872.3648318549713, 3723.4656117276063, 4342.6962513951, 1403.2554024081292, 3270.482765229295, 4642.7593268330165, -471.7990315871539, -557.1137187459171];-1.7544873283802207;0.4032798947999725;11;37;-3.6209175221605827;-2.9435394610388332;-2.6104002410518627;False
1990-01_1993-02;1993-03_1994-02;PE;glp;ARIMA;"{'alphas': array([1.00000000e-03, 4.64158883e-03, 2.15443469e-02, 1.00000000e-01,
       4.64158883e-01, 2.15443469e+00, 1.00000000e+01, 4.64158883e+01,
       2.15443469e+02, 1.00000000e+03])}";36;12;3840.7804801110155;0.10423446013654107;72.72727272727273;10.787511868951361;45532.0403391884;0.2177267346504114;27985.203192582023;27318.857276778712;26964.638207689077;26797.70316614087;26759.806143120433;26859.05012317041;26738.067654914295;26817.023232301086;26628.33170804856;26757.515868163715;26766.104127350263;26760.236475230307;[2250.9399274179777, 1753.0738832212883, 2643.903462310922, 5342.920023859129, 3948.0761068795655, 4434.58936682959, 2722.4885050857047, 4527.784737698916, 3105.7317019514376, 7754.7486218362865, 627.2563826497353, -36.13321523030754];-4.08980479656537;0.0010067963190947178;0;36;-3.626651907578875;-2.9459512825788754;-2.6116707716049383;True
