train_range;test_range;UF;PRODUCT;MODEL;PARAMS;WINDOW;HORIZON;RMSE;MAPE;POCID;PBE;MCPM;MASE;P1;P2;P3;P4;P5;P6;P7;P8;P9;P10;P11;P12;error_series;Test Statistic;p-value;Lags Used;Observations Used;Critical Value (1%);Critical Value (5%);Critical Value (10%);Stationary
1990-01_2023-02;2023-03_2024-02;MS;etanolhidratado;DWT_ridge;"{'alphas': array([1.00000000e-03, 4.64158883e-03, 2.15443469e-02, 1.00000000e-01,
       4.64158883e-01, 2.15443469e+00, 1.00000000e+01, 4.64158883e+01,
       2.15443469e+02, 1.00000000e+03])}";36;12;10806.925850153008;0.33122441437401906;45.45454545454545;39.19606396703001;256805.22676476403;0.8886464427350447;11105.747849005285;11388.112739688617;12362.751307543887;12900.536485115708;11998.059555112826;11500.479460033468;12288.8941474325;12962.429312747136;11647.802518492892;12155.020405525565;12018.252310610858;11340.323463678045;[1084.0141509947152, 447.60426031138377, -1076.392307543887, -1711.7644851157074, 470.58444488717396, 5533.122539966531, 9167.4828525675, 11339.996687252864, 13159.785481507108, 18286.678594474433, 18202.181689389145, 17709.726536321956];-2.9674443815247256;0.038048573419246966;15;381;-3.4476305904172904;-2.869155980820355;-2.570827146203181;True
1990-01_2022-02;2022-03_2023-02;MS;etanolhidratado;DWT_ridge;"{'alphas': array([1.00000000e-03, 4.64158883e-03, 2.15443469e-02, 1.00000000e-01,
       4.64158883e-01, 2.15443469e+00, 1.00000000e+01, 4.64158883e+01,
       2.15443469e+02, 1.00000000e+03])}";36;12;2434.882280572189;0.1911193390093983;27.272727272727273;-12.760768812420526;76886.42832345291;inf;13047.894615649151;14357.094928705728;14181.220671232755;13765.883706938132;12948.859021003855;13310.13691623666;14177.192676012155;14156.367199524224;14024.953338858279;13530.78280695727;13706.946919740125;13169.204340218672;[3053.6713843508496, 744.5060712942723, -1887.0596712327551, -769.4577069381321, -1283.4700210038554, -3202.66891623666, -3003.6416760121556, -2714.2531995242243, -2143.214338858279, -578.3778069572691, -3978.097919740125, -2839.893340218672];-2.4864603451816354;0.11880352092300506;12;372;-3.4480516066132636;-2.869340997473759;-2.5709257824604;False
1990-01_2021-02;2021-03_2022-02;MS;etanolhidratado;DWT_ridge;"{'alphas': array([1.00000000e-03, 4.64158883e-03, 2.15443469e-02, 1.00000000e-01,
       4.64158883e-01, 2.15443469e+00, 1.00000000e+01, 4.64158883e+01,
       2.15443469e+02, 1.00000000e+03])}";36;12;1149.5094347011477;0.07214802510213351;72.72727272727273;2.4622622231884597;13611.823487635944;0.6153667635958583;20962.543528382466;18995.563016034044;14485.90994936156;12192.276477713971;12075.096558590209;11140.802349050537;12203.70895534884;11624.685315909814;11647.864197728248;11947.639950369694;10569.441422791882;12418.953458104177;[-562.2505283824648, -1852.8370160340455, 960.9910506384404, 576.7365222860299, 496.23544140979175, 1738.9486509494636, 1044.4110446511604, 1792.1266840901862, 119.48980227175161, 1207.3790496303063, -138.60242279188242, -1336.8794581041766];-2.682591521586719;0.07709944418713381;15;357;-3.44880082033912;-2.869670179576637;-2.5711012838861036;False
1990-01_2020-02;2020-03_2021-02;MS;etanolhidratado;DWT_ridge;"{'alphas': array([1.00000000e-03, 4.64158883e-03, 2.15443469e-02, 1.00000000e-01,
       4.64158883e-01, 2.15443469e+00, 1.00000000e+01, 4.64158883e+01,
       2.15443469e+02, 1.00000000e+03])}";36;12;6272.015892698228;0.31061825519328773;18.181818181818183;34.46344452079235;223061.536912582;0.9575816496892867;8828.248218479075;9129.696876643895;8902.37319765848;8723.441352785301;8695.99060177619;8791.286701774097;8730.432696123611;8947.645192945867;9199.08916312581;8836.83088606234;8846.270527541361;8739.426262187848;[448.207781520925, -1290.393876643895, -593.4491976584795, 394.0526472146994, 2012.833398223811, 3455.5772982259023, 7395.671303876388, 9295.003807054134, 6614.655836874192, 10214.146113937659, 7835.761472458638, 10154.681737812152];-2.848678241884843;0.051649800983799836;15;345;-3.4494474563375737;-2.8699542285903887;-2.5712527305187987;False
1990-01_2019-02;2019-03_2020-02;MS;etanolhidratado;DWT_ridge;"{'alphas': array([1.00000000e-03, 4.64158883e-03, 2.15443469e-02, 1.00000000e-01,
       4.64158883e-01, 2.15443469e+00, 1.00000000e+01, 4.64158883e+01,
       2.15443469e+02, 1.00000000e+03])}";36;12;1871.646270775895;0.1940846778279793;72.72727272727273;-16.35821876563792;22262.676627833796;0.5529101965484194;10703.461018245776;12753.830713249052;10865.122683432439;9390.598300731572;10552.85657748134;9662.666244242238;10736.16042052034;10583.657888976728;10123.483743472616;10033.222856737548;10137.28098359727;10649.975971846403;[-2151.697018245777, -3527.759713249052, -1946.2556834324387, -1453.6323007315714, -2133.52857748134, -1786.3572442422383, -2336.5284205203407, -1122.4318889767274, -938.3347434726165, 1447.763143262453, -805.0409835972696, -986.9419718464032];-2.8922372524461406;0.04625817486011031;15;333;-3.450141065277327;-2.870258846235788;-2.571415151457764;True
1990-01_2018-02;2018-03_2019-02;MS;etanolhidratado;DWT_ridge;"{'alphas': array([1.00000000e-03, 4.64158883e-03, 2.15443469e-02, 1.00000000e-01,
       4.64158883e-01, 2.15443469e+00, 1.00000000e+01, 4.64158883e+01,
       2.15443469e+02, 1.00000000e+03])}";36;12;4382.83854807452;0.3009854310114148;72.72727272727273;33.13506164953732;52333.62920861296;1.2784078695171712;6549.671404354405;7551.59287292195;7830.856860758077;7339.806283653953;7941.424060374451;7459.03751420276;7588.924798304811;7951.573727061314;7651.668616927959;7882.0998577641685;7725.318281832255;7104.240752986725;[1255.360595645595, -55.71187292195009, 1054.877139241923, 4038.281716346047, 4444.736939625549, 5426.78948579724, 6100.321201695188, 7478.217272938686, 5411.902383072041, 5433.666142235831, 2897.979718167746, 1398.8142470132752];-2.7544795985709967;0.06507596307721289;15;321;-3.450886958636161;-2.870586350823483;-2.5715897843576827;False
1990-01_2017-02;2017-03_2018-02;MS;etanolhidratado;DWT_ridge;"{'alphas': array([1.00000000e-03, 4.64158883e-03, 2.15443469e-02, 1.00000000e-01,
       4.64158883e-01, 2.15443469e+00, 1.00000000e+01, 4.64158883e+01,
       2.15443469e+02, 1.00000000e+03])}";36;12;1670.9089537381083;0.19182435689283384;36.36363636363637;-10.664660452872168;46186.56278321936;0.3270383195313516;6438.535268844166;7606.509149512806;8780.580491484441;8661.519326363014;9175.275225405134;9162.655359657772;9374.13295989755;9890.765784398376;9248.623370321577;9129.063926754117;9316.592894345475;8438.583789424809;[504.4147311558336, -1061.543149512806, -2372.530491484441, -2836.2993263630133, -2658.3952254051337, -1701.7303596577722, -488.333959897549, -1453.7887843983754, 312.25262967842355, 2326.2580732458828, 76.06610565452502, -786.606789424809];-2.7256701951066216;0.06970056417114802;15;309;-3.45169128009473;-2.8709394227049154;-2.5717780602423517;False
1990-01_2016-02;2016-03_2017-02;MS;etanolhidratado;DWT_ridge;"{'alphas': array([1.00000000e-03, 4.64158883e-03, 2.15443469e-02, 1.00000000e-01,
       4.64158883e-01, 2.15443469e+00, 1.00000000e+01, 4.64158883e+01,
       2.15443469e+02, 1.00000000e+03])}";36;12;8969.144896425225;1.0321649357094713;54.54545454545455;-99.53749659516484;180563.24734274155;2.76147729394502;16595.694313678985;18244.716897575538;19281.85663871743;17079.225966414677;17481.973948665465;16936.149785794634;17974.893439470747;18849.492744629737;19001.462301116055;17531.164545424876;17591.874253560276;17239.36079773706;[-7122.680313678986, -8706.416897575538, -9598.327638717428, -8251.975966414677, -7900.123948665465, -7319.499785794635, -8564.993439470747, -9551.792744629736, -9669.312301116055, -8164.564545424875, -10690.974253560276, -11115.480797737058];-2.262469046368154;0.1843582040602083;15;297;-3.4525611751768914;-2.87132117782556;-2.5719816428028888;False
1990-01_2015-02;2015-03_2016-02;MS;etanolhidratado;DWT_ridge;"{'alphas': array([1.00000000e-03, 4.64158883e-03, 2.15443469e-02, 1.00000000e-01,
       4.64158883e-01, 2.15443469e+00, 1.00000000e+01, 4.64158883e+01,
       2.15443469e+02, 1.00000000e+03])}";36;12;5497.5326704953295;0.25705192244806646;27.272727272727273;22.78825123290405;173747.38754532332;0.7871178104613725;20471.34601222857;17170.050264253317;14557.997913617555;13942.547540820779;13351.179994620332;12337.421459003508;12907.967019166854;12786.499930166638;13226.336074331124;12154.490191807054;12407.263106624654;13919.611055021778;[-749.9960122285702, 4084.856735746682, 4040.837086382444, 4001.2024591792215, 5740.820005379668, 7746.528540996493, 8552.697980833147, 9866.400069833364, 2619.1139256688766, 5442.409808192948, 1768.134393375345, -3165.7160550217777];-1.951501688826425;0.30823407125551594;15;285;-3.4535050041524245;-2.8717352599720294;-2.5722024776854417;False
1990-01_2014-02;2014-03_2015-02;MS;etanolhidratado;DWT_ridge;"{'alphas': array([1.00000000e-03, 4.64158883e-03, 2.15443469e-02, 1.00000000e-01,
       4.64158883e-01, 2.15443469e+00, 1.00000000e+01, 4.64158883e+01,
       2.15443469e+02, 1.00000000e+03])}";36;12;4791.836739354108;0.2486011458626455;63.63636363636363;14.002046554354596;75971.60433297511;1.0116265628994827;16589.644476205318;14802.358610977128;12662.617908225939;11607.82748157716;11070.69018658949;10605.663839833076;10926.513482123852;10451.85124676085;10993.69566030344;10597.312764545984;10474.053976337516;11613.284879364037;[-4193.523476205319, -2929.5796109771272, -2418.6179082259387, -1734.5774815771601, -60.990186589489895, 440.26616016692424, 1222.172517876148, 4016.9987532391497, 4121.05433969656, 9363.287235454014, 7898.396023662484, 7459.719120635964];-2.122816287953;0.235439571628916;15;273;-3.45453261164607;-2.8721859575020017;-2.572442854861866;False
1990-01_2013-02;2013-03_2014-02;MS;etanolhidratado;DWT_ridge;"{'alphas': array([1.00000000e-03, 4.64158883e-03, 2.15443469e-02, 1.00000000e-01,
       4.64158883e-01, 2.15443469e+00, 1.00000000e+01, 4.64158883e+01,
       2.15443469e+02, 1.00000000e+03])}";36;12;4487.361949832032;0.3068834062834633;27.272727272727273;33.08201212326323;141921.2173075771;1.3735626958014056;7225.186344542184;8333.732250835363;8180.460618322688;7736.106260948445;7716.3248841356735;7533.518724967147;7492.0156280091405;7796.158883885406;8172.725679380689;7660.299535417188;7615.409974203613;7819.235496631369;[3046.189655457816, 1148.8987491646367, 655.0293816773119, 1659.001739051555, 2861.5551158643257, 3200.2112750328524, 3302.3643719908587, 4678.681116114594, 4044.194320619311, 9010.360464582813, 6908.606025796386, 5599.996363368631];-2.1643716556633015;0.21942958416785213;15;261;-3.4556556713934934;-2.872678352489859;-2.57270548832225;False
1990-01_2012-02;2012-03_2013-02;MS;etanolhidratado;DWT_ridge;"{'alphas': array([1.00000000e-03, 4.64158883e-03, 2.15443469e-02, 1.00000000e-01,
       4.64158883e-01, 2.15443469e+00, 1.00000000e+01, 4.64158883e+01,
       2.15443469e+02, 1.00000000e+03])}";36;12;1211.4151575340945;0.11123328716067944;45.45454545454545;5.27044400637924;28673.238285743068;0.23072292257910296;5771.935583186889;6858.035587714375;7599.672771138525;7067.988996825639;7864.734681573619;8216.033507734272;8222.577871183701;8846.707032573733;7909.173152434595;8025.026766338587;8198.292256923658;7681.638365117194;[1106.764416813111, -436.85558771437445, -1219.1527711385243, -797.638996825639, 426.61531842638124, -266.28450773427176, -294.63787118370146, 16.980967426266943, 668.2339115654058, 2393.841763661413, 959.5987430763416, 2575.681634882806];-2.1712571766401694;0.21684230589976772;15;249;-3.4568881317725864;-2.8732185133016057;-2.5729936189738876;False
1990-01_2011-02;2011-03_2012-02;MS;etanolhidratado;DWT_ridge;"{'alphas': array([1.00000000e-03, 4.64158883e-03, 2.15443469e-02, 1.00000000e-01,
       4.64158883e-01, 2.15443469e+00, 1.00000000e+01, 4.64158883e+01,
       2.15443469e+02, 1.00000000e+03])}";36;12;6041.966021445253;0.7959151370578299;36.36363636363637;-76.33093945457573;168592.75424123346;1.3342853755392474;11568.418695616958;13617.345022784111;14436.207673866176;13234.959510255247;13626.458448218385;13529.824410065869;13782.840480350982;15139.357824933464;15149.57713083707;13371.732839853321;13790.783302233223;12259.910440353355;[-3213.9486956169585, -8059.564277784111, -5611.487673866177, -4350.132068255247, -5367.847029218385, -5278.264410065869, -5892.130480350982, -7002.393824933464, -7434.03913083707, -5298.4228398533205, -7153.113302233223, -6118.490440353355];-1.1908558362116568;0.6775168788485819;13;239;-3.458010773719797;-2.8737103617125186;-2.5732559963936206;False
1990-01_2010-02;2010-03_2011-02;MS;etanolhidratado;DWT_ridge;"{'alphas': array([1.00000000e-03, 4.64158883e-03, 2.15443469e-02, 1.00000000e-01,
       4.64158883e-01, 2.15443469e+00, 1.00000000e+01, 4.64158883e+01,
       2.15443469e+02, 1.00000000e+03])}";36;12;2047.2429801571946;0.12341412923634491;63.63636363636363;-2.5568298594578063;32347.064581586394;0.4266992162529643;12197.252460421725;14096.891966538245;16346.151338213407;14399.794066356748;15550.569605879002;14172.662858180567;15682.71437633092;18116.815951108936;15996.515441895748;15010.285562914625;15135.341731558663;14571.428852359792;[-2428.1053264217244, -1133.5731565382448, -3257.301338213407, -155.79406635674786, 1442.010394121, 1775.1511418194332, 1277.0596236690817, -1737.605951108937, -325.7047718957474, 3470.629107085373, -221.49418655866248, -3224.6484323597924];-2.1628762553281256;0.21999396758978035;13;227;-3.4594900381360034;-2.8743581895178485;-2.573601605503697;False
1990-01_2009-02;2009-03_2010-02;MS;etanolhidratado;DWT_ridge;"{'alphas': array([1.00000000e-03, 4.64158883e-03, 2.15443469e-02, 1.00000000e-01,
       4.64158883e-01, 2.15443469e+00, 1.00000000e+01, 4.64158883e+01,
       2.15443469e+02, 1.00000000e+03])}";36;12;3847.786476774986;0.24500989567125978;36.36363636363637;10.667026756771634;106442.08977256673;0.746753278599917;17539.128146350908;16663.832530770305;14938.261460207184;14270.781370009638;13953.070165118133;13767.334079658458;13850.676645856154;13587.996599185139;13871.403509687281;13288.897672295001;13380.638139125987;14037.290005600164;[-305.4781463509062, 1974.6574692296963, 1940.7805397928169, 2161.973749990364, 4446.889834881866, 3499.0299203415434, 4446.698354143846, 5575.528400814863, 1554.5114903127196, 5023.242327704998, -2794.4281391259883, -6848.0800056001635];-0.9799992859382064;0.7604890293904589;13;215;-3.461136478222043;-2.875078880098608;-2.5739861168199027;False
1990-01_2008-02;2008-03_2009-02;MS;etanolhidratado;DWT_ridge;"{'alphas': array([1.00000000e-03, 4.64158883e-03, 2.15443469e-02, 1.00000000e-01,
       4.64158883e-01, 2.15443469e+00, 1.00000000e+01, 4.64158883e+01,
       2.15443469e+02, 1.00000000e+03])}";36;12;6402.511374547491;0.3633513337979544;27.272727272727273;36.022423547184076;202645.60460507087;1.4494317243816648;13575.922707721307;12518.528682939914;9934.813336597987;8717.248846237228;8527.752251998227;8223.235842009297;8343.493767565516;8118.907512352526;8776.462619479922;8003.465358690864;8082.745382500082;9394.073091450464;[-1764.0534477213077, -414.137872939913, 2765.7087034020133, 3080.095033762773, 5922.219198001772, 6021.552337990703, 6772.615442434484, 8512.160777647474, 6394.515930520078, 11442.146181309137, 8899.81461749992, 5550.682908549536];-1.2778403002530918;0.6392484503859668;13;203;-3.462980134086401;-2.875885461947131;-2.5744164898444515;False
1990-01_2007-02;2007-03_2008-02;MS;etanolhidratado;DWT_ridge;"{'alphas': array([1.00000000e-03, 4.64158883e-03, 2.15443469e-02, 1.00000000e-01,
       4.64158883e-01, 2.15443469e+00, 1.00000000e+01, 4.64158883e+01,
       2.15443469e+02, 1.00000000e+03])}";36;12;4888.179336209447;0.40758871775132177;45.45454545454545;44.42786967185011;116325.64189758379;1.3263826469354454;5803.870546557404;5694.427651142843;5515.48451296336;4909.4395113129885;5268.783153703875;5075.4432816879225;5147.403435999624;5572.497813611817;5253.646429497814;4715.78821073734;5451.408330439945;5566.35102573562;[1180.1780364425958, 925.6884498571562, 1232.9285660366395, 2177.719335687011, 3391.455003296125, 4232.528796312078, 4856.134014000376, 6749.413796388182, 6049.406550502186, 8560.10247926266, 6280.086179560056, 5509.64838426438];-1.9128417480679965;0.32604427170366834;11;193;-3.4646940755442612;-2.8766348847254934;-2.5748163958763994;False
1990-01_2006-02;2006-03_2007-02;MS;etanolhidratado;DWT_ridge;"{'alphas': array([1.00000000e-03, 4.64158883e-03, 2.15443469e-02, 1.00000000e-01,
       4.64158883e-01, 2.15443469e+00, 1.00000000e+01, 4.64158883e+01,
       2.15443469e+02, 1.00000000e+03])}";36;12;1402.9679622196736;0.21027202344471574;18.181818181818183;-4.828200399250057;49839.97711061041;0.16484112916745775;6594.678645719207;6069.359792802275;6246.013093144195;5838.280167984778;5827.135573221478;5619.418742197537;5532.31292024421;6380.2062798082225;5911.764478302533;5392.611291464226;5519.167655039413;5696.464303406263;[-2139.890645719208, -2230.7597928022747, -1950.1490931441958, -1018.2201679847776, -258.74557322147757, -14.23874219753634, 374.4770797557903, -476.26627980822286, 49.005521697467884, 2466.3687085357733, 1610.133120960587, 335.3128845937372];-1.9863580171179038;0.292586480134568;11;181;-3.467004502498507;-2.8776444997243558;-2.575355189707274;False
1990-01_2005-02;2005-03_2006-02;MS;etanolhidratado;DWT_ridge;"{'alphas': array([1.00000000e-03, 4.64158883e-03, 2.15443469e-02, 1.00000000e-01,
       4.64158883e-01, 2.15443469e+00, 1.00000000e+01, 4.64158883e+01,
       2.15443469e+02, 1.00000000e+03])}";36;12;1000.1150972689555;0.10956124897124318;45.45454545454545;7.265440264412532;23671.62770285691;0.116472532588365;5095.0607159330375;5438.954527674966;6173.881001072567;5661.4268182384985;5286.5997938708015;5301.143337080625;5395.410057433492;6406.902258427227;6213.457233555718;5445.043294765667;5453.872006790154;5444.3790033830655;[801.2552840669623, -115.87452767496598, -516.9010010725679, -130.5968182384986, 392.22020612919823, 659.0566629193745, 1268.4199425665083, -153.52225842722692, 145.13276644428242, 2744.0767052343326, 888.8239932098459, -708.0990033830658];-1.7365827735926231;0.41236927456549355;11;169;-3.469648263987657;-2.878798906308495;-2.5759713094779593;False
1990-01_2004-02;2004-03_2005-02;MS;etanolhidratado;DWT_ridge;"{'alphas': array([1.00000000e-03, 4.64158883e-03, 2.15443469e-02, 1.00000000e-01,
       4.64158883e-01, 2.15443469e+00, 1.00000000e+01, 4.64158883e+01,
       2.15443469e+02, 1.00000000e+03])}";36;12;1391.102413517749;0.1636846050245584;27.272727272727273;17.667332391821933;43912.11731217771;0.16886910813471806;5140.269729281208;4889.425075968348;5120.17393405662;4776.800518754869;4578.802971434949;4897.6265284333085;4667.03619146863;5022.968908822411;5260.261445503138;4516.1053804585235;4606.907395821556;4783.084482533156;[343.2002707187921, 964.8649240316518, 781.13006594338, 401.97948124513096, 3295.280028565051, 752.2434715666914, 1675.8538085313703, 1410.7710911775885, 51.65855449686205, 2139.8946195414765, 767.6526041784446, -82.93848253315628];-1.3579856046479928;0.6022445163048015;11;157;-3.472703119504854;-2.880131672353732;-2.5766826861130268;False
1990-01_2003-02;2003-03_2004-02;MS;etanolhidratado;DWT_ridge;"{'alphas': array([1.00000000e-03, 4.64158883e-03, 2.15443469e-02, 1.00000000e-01,
       4.64158883e-01, 2.15443469e+00, 1.00000000e+01, 4.64158883e+01,
       2.15443469e+02, 1.00000000e+03])}";36;12;661.5050458994539;0.09936118071718647;27.272727272727273;0.9828168139363217;20863.596435715444;0.07390945686848692;5422.593847944792;4876.026586850737;5243.538274820542;4580.461814544385;4637.860584371622;5315.271839593805;4818.54658995408;5150.354778321605;5314.577297160004;4893.072538085264;5017.290142882014;5227.162846353634;[-857.2058479447924, -34.14658685073664, -431.2252748205419, -43.571814544384324, 1008.3694156283773, -670.1518395938056, 101.99341004591952, 473.1052216783946, -644.847297160004, 1415.7274619147365, 430.26985711798625, -147.84284635363474];-0.9990704024450859;0.7536031995237529;13;143;-3.4769274060112707;-2.8819726324025625;-2.577665408088415;False
1990-01_2002-02;2002-03_2003-02;MS;etanolhidratado;DWT_ridge;"{'alphas': array([1.00000000e-03, 4.64158883e-03, 2.15443469e-02, 1.00000000e-01,
       4.64158883e-01, 2.15443469e+00, 1.00000000e+01, 4.64158883e+01,
       2.15443469e+02, 1.00000000e+03])}";36;12;1049.894567720536;0.15260686565671808;54.54545454545455;14.68576158154268;20736.821606194677;0.1326761791270856;4501.281907842073;4542.085516759005;4685.28585013141;4716.378946427905;4685.0203274033;4728.933382778889;4696.2154305813065;4702.667173962672;4690.0722556271;4641.1162440118105;4654.050298982795;4651.24454894014;[313.0640921579261, 715.8804832409951, 328.30214986858937, -282.6549464279051, 1241.7896725967003, 799.4366172211112, 745.9445694186934, 2047.759826037328, 895.8307443729, 1507.15375598819, 1539.7997010172057, -230.8045489401402];-0.03264255633883877;0.9557478679689714;11;133;-3.480500383888377;-2.8835279559405045;-2.578495716547007;False
1990-01_2001-02;2001-03_2002-02;MS;etanolhidratado;DWT_ridge;"{'alphas': array([1.00000000e-03, 4.64158883e-03, 2.15443469e-02, 1.00000000e-01,
       4.64158883e-01, 2.15443469e+00, 1.00000000e+01, 4.64158883e+01,
       2.15443469e+02, 1.00000000e+03])}";36;12;692.6452101924939;0.12508478078836127;36.36363636363637;-11.597988234369973;19127.046499723638;0.08008177113539493;4933.164776237092;4988.415787497822;5378.581333381701;5271.279296893675;5379.874269771834;5530.991403732358;5448.068218099947;5752.292258453397;5659.608013798976;5382.176953300371;5471.356065537267;5512.265177407946;[152.8032237629077, -89.98478749782225, -376.7203333817015, -256.0722968936743, -558.7712697718343, -832.8324037323582, -886.0992180999474, -939.6432584533968, -1038.6290137989754, -169.68295330037108, -517.1220655372663, -1212.1291774079455];-0.7504043563889579;0.8332582910524456;10;122;-3.4851223522012855;-2.88553750045158;-2.5795685622144586;False
1990-01_2000-02;2000-03_2001-02;MS;etanolhidratado;DWT_ridge;"{'alphas': array([1.00000000e-03, 4.64158883e-03, 2.15443469e-02, 1.00000000e-01,
       4.64158883e-01, 2.15443469e+00, 1.00000000e+01, 4.64158883e+01,
       2.15443469e+02, 1.00000000e+03])}";36;12;628.1939082746358;0.09764332545883699;9.090909090909092;-2.176559909324317;24759.12620787392;0.08155307763181195;5882.58843846708;5632.227607142519;5887.030513008553;5584.919770137324;5339.257097597482;5723.112305223896;5679.058573582922;6061.526888633816;6183.8382278611625;5514.99653041222;5591.497779556129;5734.498375528832;[-166.52243846708006, 572.7373928574807, -209.44351300855215, -602.463770137324, 1051.7449024025182, -120.47830522389631, 276.9954264170783, -465.1628886338167, -818.6642278611625, 563.5174695877804, -342.2037795561291, -1205.9403755288322];-1.1684274561807024;0.6870278798375875;10;110;-3.4912451337340342;-2.8881954545454547;-2.5809876033057852;False
1990-01_1999-02;1999-03_2000-02;MS;etanolhidratado;DWT_ridge;"{'alphas': array([1.00000000e-03, 4.64158883e-03, 2.15443469e-02, 1.00000000e-01,
       4.64158883e-01, 2.15443469e+00, 1.00000000e+01, 4.64158883e+01,
       2.15443469e+02, 1.00000000e+03])}";36;12;759.5816095280474;0.08015907212375444;36.36363636363637;4.948323139934526;20959.113768252224;0.08686644577111924;5317.52149360769;5403.881845620887;5612.609578582906;5731.354952618127;5772.585621394248;5918.139088251767;5918.697651892958;5959.963052571582;6006.8809982528555;5965.652797916459;5979.095638569331;5981.766580551223;[836.4915063923099, 246.42915437911233, -137.85057858290565, 116.97104738187318, 262.4983786057519, 185.58591174823323, 140.26734810704238, 1943.9779474284178, -771.5609982528558, 1231.2032020835404, -107.22463856933064, -325.1195805512234];0.1957321673989236;0.9720212057851798;10;98;-3.4989097606014496;-2.891516256916761;-2.5827604414827157;False
1990-01_1998-02;1998-03_1999-02;MS;etanolhidratado;DWT_ridge;"{'alphas': array([1.00000000e-03, 4.64158883e-03, 2.15443469e-02, 1.00000000e-01,
       4.64158883e-01, 2.15443469e+00, 1.00000000e+01, 4.64158883e+01,
       2.15443469e+02, 1.00000000e+03])}";36;12;1349.0754420385617;0.2009964709729787;54.54545454545455;-16.472289234977403;26674.408022001066;0.1947956900380815;5953.440299726795;6156.015961665555;6613.66450867676;6985.781231504741;6997.938925434716;7356.017938368078;7571.297930841865;7879.076821080723;7898.611327213763;7675.998965905147;7518.863531733178;7356.02669182038;[523.7647002732047, 407.17503833444516, -612.1975086767607, -1018.3072315047411, -530.7649254347161, -1255.3519383680778, -1401.3439308418656, -1329.5278210807228, -2345.8393272137628, -952.6889659051467, -997.987531733178, -2644.35469182038];0.7257982299967086;0.990338902724947;11;85;-3.5097356063504983;-2.8961947486260944;-2.5852576124567475;False
1990-01_1997-02;1997-03_1998-02;MS;etanolhidratado;DWT_ridge;"{'alphas': array([1.00000000e-03, 4.64158883e-03, 2.15443469e-02, 1.00000000e-01,
       4.64158883e-01, 2.15443469e+00, 1.00000000e+01, 4.64158883e+01,
       2.15443469e+02, 1.00000000e+03])}";36;12;1888.969367882919;0.24675456397523718;54.54545454545455;-23.18364865295326;37386.13131901022;0.36164645380684984;9174.150097327498;9107.455834364695;9095.460691264978;9110.058556874874;9006.601829991785;9107.913470791413;9170.696295712985;9180.282208263803;9172.777479988183;9115.15266078391;9053.86313831367;9129.146114020297;[-709.5860973274976, -692.6798343646951, -896.2696912649772, -1584.456556874874, -1166.2878299917847, -1970.3514707914128, -1932.7772957129855, -1667.1352082638032, -2879.8874799881823, -1428.5936607839094, -2398.2731383136706, -3267.6471140202975];-1.1368934731589524;0.7001372935498427;8;76;-3.5194805351545413;-2.9003945086747343;-2.5874984279778395;False
1990-01_1996-02;1996-03_1997-02;MS;etanolhidratado;DWT_ridge;"{'alphas': array([1.00000000e-03, 4.64158883e-03, 2.15443469e-02, 1.00000000e-01,
       4.64158883e-01, 2.15443469e+00, 1.00000000e+01, 4.64158883e+01,
       2.15443469e+02, 1.00000000e+03])}";36;12;938.1728121922686;0.08430040784431486;45.45454545454545;-2.8488932054288427;22194.82339114503;0.31809352803620305;9988.427406763334;9993.81776535839;9963.64868475825;9996.253967411756;9963.801663668703;9991.032964081158;9985.878665933886;10012.1626780353;9975.773990777885;9990.521232446294;9946.860959051957;9996.356048765627;[791.5355932366656, -391.09376535838965, 119.26331524175112, -1027.9449674117568, 774.7303363312967, -255.34096408115875, -301.21566593388525, 369.0863219646999, -1136.5799907778855, 944.3617675537062, -1103.4469590519566, -2101.9160487656272];-1.4591555012430109;0.5536111740009215;8;64;-3.53692771987915;-2.907887369384766;-2.591493291015625;False
1990-01_1995-02;1995-03_1996-02;MS;etanolhidratado;DWT_ridge;"{'alphas': array([1.00000000e-03, 4.64158883e-03, 2.15443469e-02, 1.00000000e-01,
       4.64158883e-01, 2.15443469e+00, 1.00000000e+01, 4.64158883e+01,
       2.15443469e+02, 1.00000000e+03])}";36;12;638.9182154015009;0.05562360831373439;36.36363636363637;-1.6195133236438206;17622.538986183055;0.2782730906784149;10461.18442265844;10471.126718907184;10447.690613504363;10457.211765405054;10477.466039945533;10454.234664090232;10455.782637000919;10473.121688045647;10453.376838629765;10457.921713835742;10474.590143412915;10463.081810856003;[885.4035773415599, -98.90771890718497, 473.3603864956367, -863.7427654050553, -427.7360399455338, -195.16066409023188, -453.80563700091807, -716.6646880456465, -1056.8258386297657, 823.3912861642584, 221.61585658708464, -591.7708108560037];-2.472292414502244;0.12236223655344386;9;51;-3.5656240522121956;-2.920142229157715;-2.598014675124952;False
1990-01_1994-02;1994-03_1995-02;MS;etanolhidratado;DWT_ridge;"{'alphas': array([1.00000000e-03, 4.64158883e-03, 2.15443469e-02, 1.00000000e-01,
       4.64158883e-01, 2.15443469e+00, 1.00000000e+01, 4.64158883e+01,
       2.15443469e+02, 1.00000000e+03])}";36;12;743.8612955621169;0.047496866975646986;54.54545454545455;3.7690313960679664;14657.205905532504;0.28009013103392705;10351.759166410127;10355.807748345753;10346.510610285683;10361.497441704285;10356.84259649637;10352.28129926111;10353.636288670372;10355.379445489889;10343.498654421115;10347.309775332571;10355.74387177482;10344.228884803862;[862.3748335898727, -113.86774834575226, -25.61261028568333, 44.09355829571541, -347.58259649636966, 1070.8787007388892, 1447.1977113296289, 180.14655451011095, 34.957345578885, 1440.3452246674296, 568.2981282251803, -295.78888480386195];-5.160546939568608;1.0577930524613689e-05;0;48;-3.5745892596209488;-2.9239543084490744;-2.6000391840277777;True
1990-01_1993-02;1993-03_1994-02;MS;etanolhidratado;DWT_ridge;"{'alphas': array([1.00000000e-03, 4.64158883e-03, 2.15443469e-02, 1.00000000e-01,
       4.64158883e-01, 2.15443469e+00, 1.00000000e+01, 4.64158883e+01,
       2.15443469e+02, 1.00000000e+03])}";36;12;1246.8894472038544;0.09678046258039823;54.54545454545455;9.966030422297653;24595.92977408271;0.6792682706222261;9776.564566416986;9727.519705059902;9720.46002247798;9727.796102859375;9770.579153436534;9748.53933130153;9761.117294547326;9743.049752101404;9747.593847989432;9751.425285445655;9737.003536119293;9718.6269847991;[1818.1954335830142, 769.4162949400979, 652.4759775220191, 2107.6188971406264, 702.8508465634659, 1198.3656686984705, 390.47770545267304, 974.0442478985951, 751.9451520105686, 2347.718714554345, 729.2084638807064, 500.916015200899];-4.601080452236897;0.0001285786277148871;0;36;-3.626651907578875;-2.9459512825788754;-2.6116707716049383;True
