train_range;test_range;UF;PRODUCT;MODEL;PARAMS;WINDOW;HORIZON;RMSE;MAPE;POCID;PBE;MCPM;MASE;P1;P2;P3;P4;P5;P6;P7;P8;P9;P10;P11;P12;error_series;Test Statistic;p-value;Lags Used;Observations Used;Critical Value (1%);Critical Value (5%);Critical Value (10%);Stationary
1990-01_2023-02;2023-03_2024-02;PE;etanolhidratado;ARIMA;"{'alphas': array([1.00000000e-03, 4.64158883e-03, 2.15443469e-02, 1.00000000e-01,
       4.64158883e-01, 2.15443469e+00, 1.00000000e+01, 4.64158883e+01,
       2.15443469e+02, 1.00000000e+03])}";36;12;11118.166555067708;0.4864469306559489;36.36363636363637;-21.041520470024953;308720.321797747;1.225113965975301;13838.0421068675;15661.947581273165;19668.20744099274;27604.78745545447;33913.278470984806;34849.23521307828;32766.90518652482;30544.50045718702;31060.54278629942;25837.28457882366;15781.578988136736;11280.588750689521;[2931.574893132498, 496.6524187268351, -4549.557440992741, -11647.98745545447, -19205.081470984805, -15273.735213078282, -12193.205186524818, -9751.45045718702, -9408.24278629942, 201.81542117633944, 12072.571011863265, 15425.911249310479];-2.0954515295539236;0.24634749343988255;15;381;-3.4476305904172904;-2.869155980820355;-2.570827146203181;False
1990-01_2022-02;2022-03_2023-02;PE;etanolhidratado;ARIMA;"{'alphas': array([1.00000000e-03, 4.64158883e-03, 2.15443469e-02, 1.00000000e-01,
       4.64158883e-01, 2.15443469e+00, 1.00000000e+01, 4.64158883e+01,
       2.15443469e+02, 1.00000000e+03])}";36;12;9686.064821910972;0.5986401777814405;36.36363636363637;-30.480966513591973;269430.24852872494;inf;17252.85348412244;18099.77068435382;20445.180233854273;19811.33969251834;23833.908724044493;25856.375066909164;27523.202137063796;27858.92180093605;25417.750956017866;24577.825585403814;20738.516781429644;15187.868638294784;[10536.846515877562, 7083.429315646179, -1052.1112338542735, -782.328692518342, -10839.861724044493, -17325.775066909162, -16426.152137063797, -11052.26580093605, -8108.302956017866, -5262.825585403814, -7596.516781429644, -1453.968638294784];-2.0434447359083565;0.2678547694628036;15;369;-3.448196541708585;-2.869404683789669;-2.5709597356805545;False
1990-01_2021-02;2021-03_2022-02;PE;etanolhidratado;ARIMA;"{'alphas': array([1.00000000e-03, 4.64158883e-03, 2.15443469e-02, 1.00000000e-01,
       4.64158883e-01, 2.15443469e+00, 1.00000000e+01, 4.64158883e+01,
       2.15443469e+02, 1.00000000e+03])}";36;12;21643.62430574249;0.9835754431604907;45.45454545454545;-80.7870705734696;520439.3142452854;4.204177497101921;24656.077377140125;17659.36110799808;19796.5983898472;21697.32877326065;32715.414972945287;46715.31023714437;55258.315109843345;57669.89333966034;47080.770150547956;35978.3974714176;27943.654050236448;18722.769844335526;[2744.876622859876, 1537.2388920019184, -2051.3983898471997, -7205.117773260652, -16813.814972945285, -33180.34523714437, -42470.41510984334, -39383.39333966034, -24585.188150547958, -12048.945471417599, -8199.12605023645, 276.62715566447514];-1.6090404028419916;0.47905079191397437;12;360;-3.448645946352023;-2.869602139060357;-2.5710650077160495;False
1990-01_2020-02;2020-03_2021-02;PE;etanolhidratado;ARIMA;"{'alphas': array([1.00000000e-03, 4.64158883e-03, 2.15443469e-02, 1.00000000e-01,
       4.64158883e-01, 2.15443469e+00, 1.00000000e+01, 4.64158883e+01,
       2.15443469e+02, 1.00000000e+03])}";36;12;6723.312474864912;0.33407006508973147;72.72727272727273;-24.572035827900926;80375.05386233002;0.5342702658684791;33628.551903235486;24585.55922654568;19802.074403509832;20568.513657126074;20415.599174882947;21798.440561396168;25207.724444037;27310.858571930494;29542.786919936836;33309.61347526111;30459.229725409645;30616.84030224308;[-12226.151903235484, -14245.38422654568, -9033.524403509833, -5075.513657126074, -1271.9981748829487, -771.8905613961688, -2444.8634440370006, -2682.0585719304945, -6576.326919936837, -3321.4464752611093, -3116.8477254096433, -1811.2403022430808];-1.4387138748621406;0.5635820110112018;12;348;-3.4492815848836296;-2.8698813715275406;-2.5712138845950587;False
1990-01_2019-02;2019-03_2020-02;PE;etanolhidratado;ARIMA;"{'alphas': array([1.00000000e-03, 4.64158883e-03, 2.15443469e-02, 1.00000000e-01,
       4.64158883e-01, 2.15443469e+00, 1.00000000e+01, 4.64158883e+01,
       2.15443469e+02, 1.00000000e+03])}";36;12;10403.99180965632;0.29191655136220207;81.81818181818181;22.912025281965153;83227.59280134024;0.7719748369965251;47015.59827073119;30227.45586831326;20624.949362287665;19541.381382294778;17668.67764849752;15920.934970130533;15879.72290489915;15956.653706137547;18004.712474421583;20195.403871274113;18467.29765847609;22762.15063715075;[-13349.49727073119, -127.79886831326075, 5162.011637712334, 3294.6186177052223, 5005.924351502479, 5169.3650298694665, 6080.749095100851, 11106.246293862454, 11682.887525578415, 19604.596128725887, 17380.552341523908, 6940.517362849252];-1.254644306330301;0.6496589257875514;8;340;-3.4497304638968043;-2.8700785273763487;-2.571319005190311;False
1990-01_2018-02;2018-03_2019-02;PE;etanolhidratado;ARIMA;"{'alphas': array([1.00000000e-03, 4.64158883e-03, 2.15443469e-02, 1.00000000e-01,
       4.64158883e-01, 2.15443469e+00, 1.00000000e+01, 4.64158883e+01,
       2.15443469e+02, 1.00000000e+03])}";36;12;12968.503891830596;0.2731969223296103;36.36363636363637;27.13758888820057;358893.3851423686;0.6215223752219998;30824.04646827529;22974.27269721723;22657.316175149437;22041.917800132866;23840.749549352277;25579.794575445485;24741.58543984386;24387.856635160493;23843.27304799819;22322.98507959126;21033.303864142785;17485.435641984095;[-7165.838468275291, -67.07869721723182, 3079.867824850564, 6234.782199867135, 912.5504506477228, -948.0945754454842, 6512.70456015614, 19671.485364839504, 19720.689952001812, 22229.54192040874, 17874.496135857218, 16876.114358015908];-1.4690950752322423;0.5487404319387899;12;324;-3.450695263332383;-2.87050218926466;-2.5715449066453284;False
1990-01_2017-02;2017-03_2018-02;PE;etanolhidratado;ARIMA;"{'alphas': array([1.00000000e-03, 4.64158883e-03, 2.15443469e-02, 1.00000000e-01,
       4.64158883e-01, 2.15443469e+00, 1.00000000e+01, 4.64158883e+01,
       2.15443469e+02, 1.00000000e+03])}";36;12;6059.069976520054;0.1890908592136988;54.54545454545455;20.923427627597636;119756.84268543999;0.5378114750932251;14332.945764191483;14102.978507660066;13823.722485975943;14342.941967638371;13902.89337484049;14381.423999090355;15296.63120284151;15728.400852187657;16485.679213287178;18495.890649662197;19122.807560185458;19928.95699072684;[6.554235808516751, 1767.0214923399344, 1641.8775140240577, -813.1819676383711, -1265.2573748404902, 6632.239000909645, 2744.5297971584896, 974.9941478123437, 7849.195786712822, 10862.273350337804, 11197.208439814542, 8661.504009273158];-1.5830631072476946;0.4920956504746509;12;312;-3.4514843502727306;-2.8708485956333556;-2.571729625657462;False
1990-01_2016-02;2016-03_2017-02;PE;etanolhidratado;ARIMA;"{'alphas': array([1.00000000e-03, 4.64158883e-03, 2.15443469e-02, 1.00000000e-01,
       4.64158883e-01, 2.15443469e+00, 1.00000000e+01, 4.64158883e+01,
       2.15443469e+02, 1.00000000e+03])}";36;12;4581.832774606352;0.23555226590904318;63.63636363636363;-22.5861639554266;72616.19872420716;1.0358442744490262;26788.436546485205;23878.580729108246;21064.54656272475;19557.44815548123;18415.231243726717;17796.346489548752;17885.75075453137;17929.941388345804;18206.60482583759;18593.147939441784;18049.12307960416;18708.889835609123;[-9807.236546485205, -8049.480729108245, -2955.0555627247486, -510.63915548122895, -1429.331243726716, -2227.3464895487523, -3389.1357545313713, -2178.541388345804, -2235.627825837588, -836.8359394417821, -3834.672079604161, -6189.4898356091235];-1.4780370898942041;0.5443467547422371;12;300;-3.4523371197407404;-2.871222860740741;-2.571929211111111;False
1990-01_2015-02;2015-03_2016-02;PE;etanolhidratado;ARIMA;"{'alphas': array([1.00000000e-03, 4.64158883e-03, 2.15443469e-02, 1.00000000e-01,
       4.64158883e-01, 2.15443469e+00, 1.00000000e+01, 4.64158883e+01,
       2.15443469e+02, 1.00000000e+03])}";36;12;9649.225493315296;0.3579768485242421;54.54545454545455;37.38429073551942;191422.63084733835;1.0387188534858234;18060.133040441826;15402.499530673917;14226.435523337745;13411.048816114351;13585.583512940057;13439.251867858486;13816.131302003781;14645.932351416179;15224.206672265369;15316.112976494614;15339.29742497548;14876.544866487946;[3851.6769595581754, 4141.7374693260845, 7919.264476662256, 12463.872183885647, 11142.035487059942, 10874.686132141513, 11373.847697996218, 15882.932648583823, 8015.39332773463, 11208.862023505384, 7028.72457502452, 1978.526133512054];-1.517069030808911;0.5250512711537365;13;287;-3.453342167806272;-2.871663828287282;-2.572164381381345;False
1990-01_2014-02;2014-03_2015-02;PE;etanolhidratado;ARIMA;"{'alphas': array([1.00000000e-03, 4.64158883e-03, 2.15443469e-02, 1.00000000e-01,
       4.64158883e-01, 2.15443469e+00, 1.00000000e+01, 4.64158883e+01,
       2.15443469e+02, 1.00000000e+03])}";36;12;2238.1849312266963;0.10316986251454763;63.63636363636363;-2.992949418964599;35343.885753818955;0.2520175821431146;12988.48845966858;13896.216282362891;13102.692630217467;12212.101452787187;11991.528206477296;11268.024361937087;11841.706120937117;13080.940294537422;14096.053055622688;15733.93569834747;15074.848501047843;14868.265490231594;[-635.3044596685813, -808.3412823628914, -1059.7426302174663, -857.5294527871865, -414.0782064772957, 138.1256380629129, -153.88012093711768, -1525.7052945374217, -2559.353055622687, -1514.8356983474696, -1790.6485010478427, 6527.2345097684065];-1.5102610632379305;0.5284293686488628;13;275;-3.454355055831705;-2.8721080938842976;-2.572401325619835;False
1990-01_2013-02;2013-03_2014-02;PE;etanolhidratado;ARIMA;"{'alphas': array([1.00000000e-03, 4.64158883e-03, 2.15443469e-02, 1.00000000e-01,
       4.64158883e-01, 2.15443469e+00, 1.00000000e+01, 4.64158883e+01,
       2.15443469e+02, 1.00000000e+03])}";36;12;3304.3699496276563;0.22871548354683155;54.54545454545455;-19.352632630125395;65369.67195627609;0.5134832017551818;13450.081526546694;14008.79877671196;15315.796215658787;15735.571073743627;16225.09086220917;16378.01712407425;16033.670190470977;15981.917244178523;15356.197594340465;15090.261267049282;14850.42832645162;13485.741059937258;[604.496473453306, 545.6212232880407, -2964.3912156587867, -5436.908073743627, -5154.86486220917, -4780.9111240742495, -4638.747190470976, -2790.849244178524, -3507.853594340466, -412.26126704928174, -65.3733264516195, -894.3143699372577];-1.4622097090235247;0.5521160117377225;13;263;-3.4554613060274972;-2.8725931472675046;-2.5726600403359887;False
1990-01_2012-02;2012-03_2013-02;PE;etanolhidratado;ARIMA;"{'alphas': array([1.00000000e-03, 4.64158883e-03, 2.15443469e-02, 1.00000000e-01,
       4.64158883e-01, 2.15443469e+00, 1.00000000e+01, 4.64158883e+01,
       2.15443469e+02, 1.00000000e+03])}";36;12;6115.319821877102;0.41325345811681813;45.45454545454545;-31.987184325283387;145541.03265963745;1.2438970587072684;9884.739214368972;12317.64740830323;16811.548112030247;18698.898851648795;21299.107571753473;23823.67675138441;20397.84798542718;20487.550574506145;20260.130499511473;19248.88400724496;19793.25852419125;17231.211758280315;[4189.301785631027, 2590.7165916967697, -2352.8551120302473, -6040.250851648796, -9315.376571753473, -10713.03475138441, -7686.304985427179, -6162.262574506145, -5629.339929511474, -4099.228227244961, -5104.151524191249, -3056.042758280315];-1.4482434719496307;0.5589417584163661;13;251;-3.4566744514553016;-2.8731248767783426;-2.5729436702592023;False
1990-01_2011-02;2011-03_2012-02;PE;etanolhidratado;ARIMA;"{'alphas': array([1.00000000e-03, 4.64158883e-03, 2.15443469e-02, 1.00000000e-01,
       4.64158883e-01, 2.15443469e+00, 1.00000000e+01, 4.64158883e+01,
       2.15443469e+02, 1.00000000e+03])}";36;12;11375.10465287653;0.8785989849452417;63.63636363636363;-80.23442974736345;183452.87785430212;2.5257462020674977;23034.12090379811;22488.398302134054;21603.7291012054;22615.343090363327;22744.422514408452;22859.258208020707;22523.47602653824;22221.599548403883;24099.756905481525;28515.51084995101;27890.303040466795;27459.196182316162;[-495.20890379810953, -9217.097062134053, -7664.328101205401, -7312.931240363327, -11903.853124408452, -11194.163208020707, -12470.21902653824, -11740.965548403883, -12603.769905481526, -13611.06384995101, -15355.778040466796, -14663.268182316162];-1.2094308792850545;0.6695256850308892;13;239;-3.458010773719797;-2.8737103617125186;-2.5732559963936206;False
1990-01_2010-02;2010-03_2011-02;PE;etanolhidratado;ARIMA;"{'alphas': array([1.00000000e-03, 4.64158883e-03, 2.15443469e-02, 1.00000000e-01,
       4.64158883e-01, 2.15443469e+00, 1.00000000e+01, 4.64158883e+01,
       2.15443469e+02, 1.00000000e+03])}";36;12;6934.07421650331;0.22980546735316762;27.272727272727273;16.75523469753403;219063.94391041194;0.5683208483977744;30282.84139482212;25097.35144505053;21057.650088137867;20114.586452669926;19526.68240903201;19398.627168134124;20000.876937443612;19811.771455041555;20579.350924144986;22758.589249961646;22961.495624925927;24175.505178431285;[-9023.11244482212, -1272.9277550505321, 5031.781911862134, 8223.701547330074, 8973.596590967987, 9763.047831865875, 9377.890062556387, 7441.437544958444, 5027.303825855015, 6762.955500038355, 3287.515155074074, -100.8117884312851];-1.3550487414330303;0.6036267003840414;13;227;-3.4594900381360034;-2.8743581895178485;-2.573601605503697;False
1990-01_2009-02;2009-03_2010-02;PE;etanolhidratado;ARIMA;"{'alphas': array([1.00000000e-03, 4.64158883e-03, 2.15443469e-02, 1.00000000e-01,
       4.64158883e-01, 2.15443469e+00, 1.00000000e+01, 4.64158883e+01,
       2.15443469e+02, 1.00000000e+03])}";36;12;11469.449031767277;0.3158384607610205;36.36363636363637;31.336358443932593;317622.0140431223;0.757576629198736;27578.9644370337;24528.95052282785;21853.6403815612;20532.527145724158;19696.309466040846;18931.79344468191;18663.924441526673;18457.103537278566;18677.221030364635;19444.196239913515;19741.526727702556;20592.301434065008;[-666.2844370337007, 2131.4994771721504, 7266.529618438799, 12552.79106427584, 14348.793533959157, 13753.12655531809, 15333.461558473326, 13996.546462721435, 10247.528969635365, 18396.083760086483, 9188.923272297445, -3049.2804340650073];-1.2107711946449993;0.6689451375506991;13;215;-3.461136478222043;-2.875078880098608;-2.5739861168199027;False
1990-01_2008-02;2008-03_2009-02;PE;etanolhidratado;ARIMA;"{'alphas': array([1.00000000e-03, 4.64158883e-03, 2.15443469e-02, 1.00000000e-01,
       4.64158883e-01, 2.15443469e+00, 1.00000000e+01, 4.64158883e+01,
       2.15443469e+02, 1.00000000e+03])}";36;12;12222.793261492054;0.47050275601257385;45.45454545454545;46.97369381488515;291189.9291696399;1.4151995473713426;24124.099218823234;16549.68157524165;12480.472447959637;11337.075138387088;11135.685352246841;10850.8975451427;10977.682633336944;10833.33920265925;10655.615426532471;11113.844109062073;11377.65128988896;11780.214385408304;[-956.7935088232334, 6936.398334758349, 14504.296852040363, 13912.96134161291, 13330.27991775316, 9037.577484857302, 10144.678376663056, 11798.845317340749, 13012.507843467529, 17402.269950937927, 15773.948710111039, 10830.635614591694];-1.2062735973860654;0.6708911629199908;13;203;-3.462980134086401;-2.875885461947131;-2.5744164898444515;False
1990-01_2007-02;2007-03_2008-02;PE;etanolhidratado;ARIMA;"{'alphas': array([1.00000000e-03, 4.64158883e-03, 2.15443469e-02, 1.00000000e-01,
       4.64158883e-01, 2.15443469e+00, 1.00000000e+01, 4.64158883e+01,
       2.15443469e+02, 1.00000000e+03])}";36;12;8320.851340323097;0.44275200547639254;36.36363636363637;47.59291912158681;230891.45309968354;1.2154731672873231;10659.511782008967;9586.493650623532;8721.848887932616;8179.431399220002;7807.758231495032;7508.455925423931;7351.751289787069;7145.957996794148;7081.55015092326;7247.143068508678;7447.088747661661;7919.025875918823;[607.9330379910334, 1561.292609376469, 3846.1082520673845, 5151.304450779997, 6230.901238504968, 7878.784564576069, 7358.87302021293, 8334.824783205851, 8651.63052907674, 11997.570651491322, 13876.28951233834, 12281.595384081178];-1.1703122710313811;0.6862345085175566;13;191;-3.465058702600837;-2.8767942675230356;-2.5749014492475535;False
1990-01_2006-02;2006-03_2007-02;PE;etanolhidratado;ARIMA;"{'alphas': array([1.00000000e-03, 4.64158883e-03, 2.15443469e-02, 1.00000000e-01,
       4.64158883e-01, 2.15443469e+00, 1.00000000e+01, 4.64158883e+01,
       2.15443469e+02, 1.00000000e+03])}";36;12;3071.484567439745;0.3057424820111498;72.72727272727273;29.148891006430055;36682.750142092;0.35598689019872076;10283.430823948771;8117.4054824545;6514.114858926643;5651.00747254065;5139.126296187985;5093.031879710124;5309.450966351719;5445.647422873053;5720.451111275464;6228.615735278731;6603.176588359501;7446.070931762051;[-484.99682394877163, -447.88548245449965, 2320.1591410733563, 2687.319527459349, 3068.3307038120156, 3189.8971202898765, 3492.925033648281, 3713.741577126946, 3689.711888724536, 4328.624264721268, 4195.4925216405, 2152.194992237948];-1.068846565379009;0.7273343363913063;1;191;-3.465058702600837;-2.8767942675230356;-2.5749014492475535;False
1990-01_2005-02;2005-03_2006-02;PE;etanolhidratado;ARIMA;"{'alphas': array([1.00000000e-03, 4.64158883e-03, 2.15443469e-02, 1.00000000e-01,
       4.64158883e-01, 2.15443469e+00, 1.00000000e+01, 4.64158883e+01,
       2.15443469e+02, 1.00000000e+03])}";36;12;3649.749509698323;0.3503693258514972;54.54545454545455;37.48156658064573;72396.42902334133;0.3674634541852991;5841.406543398876;5841.947083989067;5589.080934657119;5512.918983667405;5613.662709905695;5630.897442190167;5702.884914257201;5460.824124428892;4969.107876427193;4621.386021678341;4548.889995399992;4549.352689835645;[802.0614566011236, 759.5379160109323, 904.9270653428812, 2056.723016332595, 2829.9122900943057, 3941.725557809833, 4080.382085742799, 2873.8428755711075, 3933.6631235728073, 6766.365978321659, 4953.288004600008, 4396.849310164354];-0.5757700833769884;0.8763635440122746;1;179;-3.4674201432469816;-2.877826051844538;-2.575452082332012;False
1990-01_2004-02;2004-03_2005-02;PE;etanolhidratado;ARIMA;"{'alphas': array([1.00000000e-03, 4.64158883e-03, 2.15443469e-02, 1.00000000e-01,
       4.64158883e-01, 2.15443469e+00, 1.00000000e+01, 4.64158883e+01,
       2.15443469e+02, 1.00000000e+03])}";36;12;1806.3000362320533;0.26974943189940065;54.54545454545455;28.673268668082784;35768.60584296075;0.14230483581877493;3949.310641003057;4128.538587629706;4283.728017733452;4320.677606877528;4329.206122120608;4193.374180421274;4044.069873971698;3929.703800828304;3804.9312842517024;3743.3898320246813;3792.693606047339;3819.125666362785;[2329.3433589969436, 2113.2934123702944, 1499.7519822665472, 2172.0203931224723, 2991.899877879392, 2533.8878195787256, 1200.8391260283015, 1329.836199171696, 99.15871574829771, 975.7341679753185, 669.2963939526608, 1517.0633336372152];-0.4665144371235309;0.8983870055421096;2;166;-3.4703698981001665;-2.8791138497902193;-2.576139407751488;False
1990-01_2003-02;2003-03_2004-02;PE;etanolhidratado;ARIMA;"{'alphas': array([1.00000000e-03, 4.64158883e-03, 2.15443469e-02, 1.00000000e-01,
       4.64158883e-01, 2.15443469e+00, 1.00000000e+01, 4.64158883e+01,
       2.15443469e+02, 1.00000000e+03])}";36;12;1732.9766797383734;0.463685937919803;36.36363636363637;-37.745951154457416;48113.51284430212;0.11674863904205307;4145.092793827498;4440.218846239971;4780.925984552698;5090.813238379593;5347.084262591687;5486.925504155239;5521.675493454599;5520.084187802958;5484.911353879695;5432.060593972769;5329.331856121034;5141.023789406671;[-468.56979382749796, -1049.0148462399707, -1287.4259845526976, -1753.403238379593, -1823.5332625916867, -2653.5475041552386, -2450.8154934545987, -2246.259187802958, -1944.4253538796947, -2012.3315939727695, -78.79585612103438, 855.2062105933283];0.35545073087006446;0.9797503010025869;2;154;-3.473542528196209;-2.880497674144038;-2.576878053634677;False
1990-01_2002-02;2002-03_2003-02;PE;etanolhidratado;ARIMA;"{'alphas': array([1.00000000e-03, 4.64158883e-03, 2.15443469e-02, 1.00000000e-01,
       4.64158883e-01, 2.15443469e+00, 1.00000000e+01, 4.64158883e+01,
       2.15443469e+02, 1.00000000e+03])}";36;12;1196.261442256393;0.2288786279283744;63.63636363636363;-16.29660049256221;18958.394910012295;0.08023057874755651;3344.2063327579044;3756.499813186519;4197.421368287373;4601.387971841098;4985.376466703401;5348.001188096066;5631.123749070426;5853.703741234781;6022.7911243054705;6108.684496428063;6110.047243041041;6006.302517555513;[227.74166724209545, 334.161186813481, 1155.5596317126265, -36.714971841098304, -547.9804667034014, -738.5331880960657, -944.1197490704262, -1008.0197412347807, -2163.9971243054706, -1757.7864964280625, -1688.8047430410406, -1514.7155175555126];3.458324842729453;1.0;8;136;-3.4793722137854926;-2.8830370378332995;-2.578233635380623;False
1990-01_2001-02;2001-03_2002-02;PE;etanolhidratado;ARIMA;"{'alphas': array([1.00000000e-03, 4.64158883e-03, 2.15443469e-02, 1.00000000e-01,
       4.64158883e-01, 2.15443469e+00, 1.00000000e+01, 4.64158883e+01,
       2.15443469e+02, 1.00000000e+03])}";36;12;4796.249020147237;1.0298271902171938;45.45454545454545;-85.17712512419938;115445.11070183224;0.3269248941948088;4058.1150902878385;4831.471142539648;5728.558305300917;6629.002628283275;7594.724288220188;8489.445114488555;9250.26404484309;9948.438020598653;10364.86087238925;10628.074348595594;10718.728977101318;10590.706107415384;[1688.0339097121619, 256.6398574603518, -623.5473053009164, -1591.774628283275, -3067.477288220188, -4138.221114488555, -5320.12004484309, -5856.579020598652, -6198.906872389251, -6069.880348595593, -7029.297977101318, -7509.445107415384];3.085926391723995;1.0;8;124;-3.484219653271961;-2.885145235641637;-2.579359138917794;False
1990-01_2000-02;2000-03_2001-02;PE;etanolhidratado;ARIMA;"{'alphas': array([1.00000000e-03, 4.64158883e-03, 2.15443469e-02, 1.00000000e-01,
       4.64158883e-01, 2.15443469e+00, 1.00000000e+01, 4.64158883e+01,
       2.15443469e+02, 1.00000000e+03])}";36;12;6777.01473226578;0.9293058831878683;54.54545454545455;-76.76778562737665;136133.2547193702;0.6274705228691929;10126.823872941897;11043.803813915125;12007.970312617825;13029.228833692578;13845.983222659426;14405.254102801566;14811.29827892373;15006.955023479039;14996.57372210469;14922.102685740108;14568.797478443728;14029.60688688418;[-524.4248729418978, -846.7648139151243, -1242.0723126178254, -4861.086833692578, -4233.7522226594265, -5652.184102801566, -8464.87827892373, -8876.172023479037, -9719.62372210469, -8721.327685740109, -8785.523478443727, -8771.52788688418];1.4787669942575472;0.9974441724667469;8;112;-3.4901313156261384;-2.8877122815688776;-2.5807296460459184;False
1990-01_1999-02;1999-03_2000-02;PE;etanolhidratado;ARIMA;"{'alphas': array([1.00000000e-03, 4.64158883e-03, 2.15443469e-02, 1.00000000e-01,
       4.64158883e-01, 2.15443469e+00, 1.00000000e+01, 4.64158883e+01,
       2.15443469e+02, 1.00000000e+03])}";36;12;4376.157302140027;0.3157703601524227;63.63636363636363;-26.005852843538314;69509.94253295302;0.57497530935059;11420.618003406467;12243.254812836358;13087.734409998318;13968.33088864762;14780.394791051489;15515.120595169205;16183.551039907341;16728.823390426838;17117.609365159577;17393.08774208881;17379.08161268599;17104.932414270508;[1457.8909965935327, 152.27718716364143, -537.6754099983191, -608.0458886476208, -1717.7767910514885, -3363.109595169204, -2723.1600399073413, -2483.2853904268377, -6587.282365159577, -5510.72274208881, -7722.076612685991, -8109.697414270508];1.3752259997279577;0.9969986395636738;8;100;-3.497501033;-2.89090644;-2.5824349;False
1990-01_1998-02;1998-03_1999-02;PE;etanolhidratado;ARIMA;"{'alphas': array([1.00000000e-03, 4.64158883e-03, 2.15443469e-02, 1.00000000e-01,
       4.64158883e-01, 2.15443469e+00, 1.00000000e+01, 4.64158883e+01,
       2.15443469e+02, 1.00000000e+03])}";36;12;6308.711739642202;0.3850410140228521;54.54545454545455;-31.00021512650829;125229.97502227161;0.948545285210211;12000.956298501265;12909.64238479534;13897.49890540872;15069.27132558953;16343.198825992475;17874.243883964573;19374.569401265177;20587.336734299868;21668.841910306783;22530.713670460664;22875.598561857896;23045.805705534007;[2081.839701498735, 1438.7936152046605, -14.695905408720137, -760.0913255895302, -1623.8308259924743, -3283.6428839645723, -4760.514401265176, -5314.5797342998685, -9061.094910306783, -7870.999670460664, -8996.952561857895, -13464.336705534008];0.5727588230867836;0.9869245758437285;6;90;-3.505190196159122;-2.894232085048011;-2.5842101234567902;False
1990-01_1997-02;1997-03_1998-02;PE;etanolhidratado;ARIMA;"{'alphas': array([1.00000000e-03, 4.64158883e-03, 2.15443469e-02, 1.00000000e-01,
       4.64158883e-01, 2.15443469e+00, 1.00000000e+01, 4.64158883e+01,
       2.15443469e+02, 1.00000000e+03])}";36;12;5085.179946549076;0.2483387726141885;54.54545454545455;-19.02398503084423;100640.23994639305;0.8362850962235645;21929.511678337723;22097.743682624678;22175.353142163738;22318.455788295723;22527.63557606874;22738.143592898745;22835.924182387975;22734.040451642217;22791.154703906326;23119.285598627073;23044.400542095562;22841.40355899026;[-1041.2386783377224, -1573.6136826246766, -592.4151421637398, 1797.1412117042782, -223.73457606873853, -1254.938592898743, -4307.1861823879735, -4939.4594516422185, -7174.4777039063265, -5280.940598627072, -8055.140542095562, -10693.257558990259];-4.307734992562694;0.00043070957314405325;1;83;-3.5117123057187376;-2.8970475206326833;-2.5857126912469153;True
1990-01_1996-02;1996-03_1997-02;PE;etanolhidratado;ARIMA;"{'alphas': array([1.00000000e-03, 4.64158883e-03, 2.15443469e-02, 1.00000000e-01,
       4.64158883e-01, 2.15443469e+00, 1.00000000e+01, 4.64158883e+01,
       2.15443469e+02, 1.00000000e+03])}";36;12;2159.369140548734;0.07762621969750275;45.45454545454545;-0.17503009363178798;51076.285670123674;0.26095847514919096;24542.70731389917;24375.70452364259;24407.833512010733;24235.044139243117;24048.923339926794;24030.628626298825;23923.196933872674;23785.6242010747;23768.09546873451;23603.11684816627;23507.031479554746;23609.67273275954;[2414.9606861008324, 3365.7854763574105, 1983.4324879892665, -1281.8371392431181, -722.9083399267947, -818.2446262988269, -1227.5339338726735, 188.78379892529847, -2181.09046873451, 2843.9111518337268, -985.8614795547473, -4082.319732759541];-4.1806076781738675;0.000710512560752871;1;71;-3.526004646825607;-2.9032002348069774;-2.5889948363419957;True
1990-01_1995-02;1995-03_1996-02;PE;etanolhidratado;ARIMA;"{'alphas': array([1.00000000e-03, 4.64158883e-03, 2.15443469e-02, 1.00000000e-01,
       4.64158883e-01, 2.15443469e+00, 1.00000000e+01, 4.64158883e+01,
       2.15443469e+02, 1.00000000e+03])}";36;12;3611.8018279593744;0.13240988955364352;36.36363636363637;13.49410942877149;99735.20892040436;0.38442954522589845;22461.54319161572;21418.796280547827;21861.918327411313;21234.210372961334;20601.897265621323;21190.25048243147;20366.970131322298;20399.022602687317;21244.514082204918;20842.311759093333;20898.564649565524;21209.97260296466;[1545.9868083842775, 561.2447194521737, 3962.7496725886886, 4450.227627038665, 3007.368734378677, 1628.5525175685289, 5314.427868677703, 4962.018397312684, 3026.713917795081, 5185.073240906666, 3200.201350434476, 2734.9363970353406];-3.7560769245062002;0.003390066627130783;1;59;-3.5463945337644063;-2.911939409384601;-2.5936515282964665;True
1990-01_1994-02;1994-03_1995-02;PE;etanolhidratado;ARIMA;"{'alphas': array([1.00000000e-03, 4.64158883e-03, 2.15443469e-02, 1.00000000e-01,
       4.64158883e-01, 2.15443469e+00, 1.00000000e+01, 4.64158883e+01,
       2.15443469e+02, 1.00000000e+03])}";36;12;8540.693445175775;0.33967806624138985;36.36363636363637;34.121525944782796;236607.39634781654;1.0680759501308332;20789.76377190837;18483.89742421457;17751.319453628068;16742.801678632037;15584.908306441912;14628.837937831157;14753.794129543381;13804.237922760314;14638.527376999691;14229.937844431723;14351.989421556094;14715.762006342393;[4602.216228091631, 5317.0975757854285, 6416.367546371934, 7717.067321367962, 5827.821693558088, 12005.696062168843, 11485.06887045662, 8332.365077239685, 8200.163623000308, 10540.853155568278, 9980.031578443906, 8231.515993657606];-3.1514410186395736;0.0229732131612828;1;47;-3.5778480370438146;-2.925338105429433;-2.6007735310095064;True
1990-01_1993-02;1993-03_1994-02;PE;etanolhidratado;ARIMA;"{'alphas': array([1.00000000e-03, 4.64158883e-03, 2.15443469e-02, 1.00000000e-01,
       4.64158883e-01, 2.15443469e+00, 1.00000000e+01, 4.64158883e+01,
       2.15443469e+02, 1.00000000e+03])}";36;12;3367.4076253516537;0.12221935871719652;54.54545454545455;12.331954278451668;66459.26614525673;0.4244865854981572;19903.788512062416;19951.40088322609;20015.967416955384;20086.639546545965;20155.57369937905;20236.68025633009;20336.024857339467;20393.821903940134;20397.194469525297;20467.98092369217;20452.402686312573;20465.141538161744;[4576.505487937586, 3487.14211677391, 2426.5425830446147, 5245.394453454035, -494.48769937904945, 3519.29174366991, 3568.115142660532, 2533.1380960598653, 1214.5895304747028, 5790.162076307832, 873.6523136874275, 1422.5804618382572];-5.949369585880634;2.1655228852376855e-07;0;36;-3.626651907578875;-2.9459512825788754;-2.6116707716049383;True
