train_range;test_range;UF;PRODUCT;MODEL;PARAMS;WINDOW;HORIZON;RMSE;MAPE;POCID;PBE;MCPM;MASE;P1;P2;P3;P4;P5;P6;P7;P8;P9;P10;P11;P12;error_series;Test Statistic;p-value;Lags Used;Observations Used;Critical Value (1%);Critical Value (5%);Critical Value (10%);Stationary
1990-01_2023-02;2023-03_2024-02;AL;etanolhidratado;ARIMA;"{'alphas': array([1.00000000e-03, 4.64158883e-03, 2.15443469e-02, 1.00000000e-01,
       4.64158883e-01, 2.15443469e+00, 1.00000000e+01, 4.64158883e+01,
       2.15443469e+02, 1.00000000e+03])}";36;12;713.9632535161326;0.10863679908771538;81.81818181818181;10.088629052404258;5655.443782558074;0.34125897097427155;5302.859941211008;4737.434475537651;4282.240995162472;4047.2694874990825;3593.843583636418;4266.479294183354;5028.661907169767;5277.396979368474;5861.004898482814;6424.841415122624;7023.9375622326;6458.4043722583665;[900.8700587889916, 715.9045244623485, 1153.8590048375281, 194.2945125009178, 404.1724163635822, 1190.6377058166463, 738.6220928302328, -239.76697936847359, 232.82310151718684, 704.1305848773754, 186.04943776740038, 809.3516277416338];-2.2022072658321155;0.2054453222960873;15;381;-3.4476305904172904;-2.869155980820355;-2.570827146203181;False
1990-01_2022-02;2022-03_2023-02;AL;etanolhidratado;ARIMA;"{'alphas': array([1.00000000e-03, 4.64158883e-03, 2.15443469e-02, 1.00000000e-01,
       4.64158883e-01, 2.15443469e+00, 1.00000000e+01, 4.64158883e+01,
       2.15443469e+02, 1.00000000e+03])}";36;12;1959.5055012527164;0.3373553559237199;81.81818181818181;-3.383994523880476;15716.003826648615;inf;5682.351223869711;5272.810800395863;5035.886274930324;4979.1727685873875;4742.371766170655;4989.9062099958655;5516.636534564726;6192.197673357121;6864.767454190601;7106.18847714667;6549.0301565851105;5152.84916699361;[2799.720776130289, 2954.556199604137, 2801.3407250696755, 1034.5152314126126, -890.4567661706551, -1636.3652099958654, -2136.1075345647264, -1544.0746733571214, -2163.9674541906006, -1309.0994771466703, -1932.242156585111, -206.37016699360993];-1.7326882951861895;0.4143540216331707;8;376;-3.4478619826418817;-2.869257669826291;-2.570881358363513;False
1990-01_2021-02;2021-03_2022-02;AL;etanolhidratado;ARIMA;"{'alphas': array([1.00000000e-03, 4.64158883e-03, 2.15443469e-02, 1.00000000e-01,
       4.64158883e-01, 2.15443469e+00, 1.00000000e+01, 4.64158883e+01,
       2.15443469e+02, 1.00000000e+03])}";36;12;2602.0658136632765;0.4546228299256894;81.81818181818181;-17.48213276622773;21001.770720018532;2.3268976600530373;6821.925466941466;4150.242747016093;3286.0481142991134;3062.900886872287;3486.971538900029;5092.470693984108;7529.360142451846;8911.050044697695;9655.728614937536;9764.8052457176;8476.319557211558;6140.76660781997;[1737.341533058534, 1704.0722529839068, 2410.560885700887, 1288.2391131277132, 1022.9674610999714, -1006.9986939841078, -3954.9121424518457, -4458.462044697695, -3746.171614937536, -2989.5652457176, -2585.729557211558, -786.9906078199701];-1.5854727121023084;0.4908868287976922;8;364;-3.4484434475193777;-2.869513170510808;-2.571017574266393;False
1990-01_2020-02;2020-03_2021-02;AL;etanolhidratado;ARIMA;"{'alphas': array([1.00000000e-03, 4.64158883e-03, 2.15443469e-02, 1.00000000e-01,
       4.64158883e-01, 2.15443469e+00, 1.00000000e+01, 4.64158883e+01,
       2.15443469e+02, 1.00000000e+03])}";36;12;2645.2339998030625;0.4342448511880234;63.63636363636363;22.403329531455928;42155.86379161016;0.836447252169087;7181.169902499335;5189.847119347857;4156.698628348498;3722.002414849718;3540.20818543213;3820.7487646460163;3916.695318661934;3982.8027585588256;3937.432039944361;3944.3013395812636;3810.0088294475795;3515.305763324714;[-2376.4809024993347, -2483.043119347857, -1566.0306283484974, -273.3884148497182, 1004.6818145678703, 1256.284235353984, 1936.0466813380663, 2236.745241441174, 2561.545960055639, 3778.5706604187367, 3673.8961705524202, 4893.999236675287];-1.5900370955986862;0.4885962705310992;8;352;-3.4490648539347544;-2.8697861692116478;-2.5711631253228306;False
1990-01_2019-02;2019-03_2020-02;AL;etanolhidratado;ARIMA;"{'alphas': array([1.00000000e-03, 4.64158883e-03, 2.15443469e-02, 1.00000000e-01,
       4.64158883e-01, 2.15443469e+00, 1.00000000e+01, 4.64158883e+01,
       2.15443469e+02, 1.00000000e+03])}";36;12;3360.1575300156405;0.32680695469826865;45.45454545454545;20.7950090276198;79846.35945586386;1.257667476666971;11826.40434631264;6633.257836192789;5232.1375156297445;4568.874674465029;4318.251751236504;4551.994428421469;4469.893106308142;3758.995664631895;3528.2014462220127;3196.2612770186715;2518.070416094778;2153.091599900237;[-4613.17934631264, -255.5048361927893, -547.2365156297446, -674.1546744650291, -37.22875123650374, -606.5434284214689, -14.917106308142138, 1403.469335368105, 2894.7905537779875, 6567.047722981328, 6225.975583905222, 4558.433400099762];-1.8243144838021799;0.3684587794052691;5;343;-3.449559661646851;-2.8700035112469626;-2.5712790073013796;False
1990-01_2018-02;2018-03_2019-02;AL;etanolhidratado;ARIMA;"{'alphas': array([1.00000000e-03, 4.64158883e-03, 2.15443469e-02, 1.00000000e-01,
       4.64158883e-01, 2.15443469e+00, 1.00000000e+01, 4.64158883e+01,
       2.15443469e+02, 1.00000000e+03])}";36;12;2927.394067583242;0.26382896632069525;81.81818181818181;30.744816500739514;23383.757575921212;0.5684702298723943;4875.489392342461;3517.1315028880454;3135.585883888915;3603.5291646299984;4338.669085916286;4533.884408012569;5318.246794884696;6000.466314096475;6806.923737049331;6445.341728267239;5320.631160852933;4381.981077603732;[-357.32739234246037, -183.2505028880455, -149.32388388891468, 1296.3808353700015, 543.1039140837138, 969.7645919874312, 2310.9872051153043, 4537.863685903525, 3874.3462629506694, 5323.4642717327615, 4471.368839147067, 3234.2269223962676];-1.9330397123767011;0.31668132410922617;5;331;-3.4502615951739393;-2.8703117734117742;-2.5714433728242714;False
1990-01_2017-02;2017-03_2018-02;AL;etanolhidratado;ARIMA;"{'alphas': array([1.00000000e-03, 4.64158883e-03, 2.15443469e-02, 1.00000000e-01,
       4.64158883e-01, 2.15443469e+00, 1.00000000e+01, 4.64158883e+01,
       2.15443469e+02, 1.00000000e+03])}";36;12;1507.995819892915;0.26324512129676353;54.54545454545455;30.66450397277025;29858.0456484528;0.47817260813847823;2210.7318124508797;2304.2942997107953;2311.2213861170912;2321.233274671864;2302.856199410537;2309.3429231714676;2291.4131985324193;2340.6757987615465;2420.3696944014455;2485.161261503096;2610.5959872465087;2707.7231346108047;[568.2681875491203, 50.20570028920474, 288.77861388290876, -58.73327467186391, -275.8561994105371, 470.15707682853235, 1459.3818014675808, 515.9192012384533, 1727.3283055985548, 2394.6347384969044, 3114.630012753491, 2400.9068653891954];-1.704324451703509;0.4288857779160091;5;319;-3.4510167751522642;-2.87064334231426;-2.5716201744283174;False
1990-01_2016-02;2016-03_2017-02;AL;etanolhidratado;ARIMA;"{'alphas': array([1.00000000e-03, 4.64158883e-03, 2.15443469e-02, 1.00000000e-01,
       4.64158883e-01, 2.15443469e+00, 1.00000000e+01, 4.64158883e+01,
       2.15443469e+02, 1.00000000e+03])}";36;12;1582.398426573009;0.6042889727924873;54.54545454545455;-60.305551553138514;31571.343558272776;0.49459005040163656;4524.042883048233;4694.098191365164;4673.485289444002;4822.399607932201;4112.934881133744;3914.6359303562585;3797.255552051383;3715.287925140687;3485.153027937902;3534.3820362297465;3371.7671679269292;2923.625272256559;[-2062.0428830482333, -2400.099191365164, -1900.9852894440019, -2042.8996079322014, -1892.434881133744, -1372.1359303562585, -1354.255552051383, -1149.287925140687, -1077.1530279379022, -967.8820362297465, -1090.7671679269292, -585.1252722565591];-1.6270879364622164;0.46901536783707065;7;305;-3.451973573620699;-2.8710633193086648;-2.5718441306100512;False
1990-01_2015-02;2015-03_2016-02;AL;etanolhidratado;ARIMA;"{'alphas': array([1.00000000e-03, 4.64158883e-03, 2.15443469e-02, 1.00000000e-01,
       4.64158883e-01, 2.15443469e+00, 1.00000000e+01, 4.64158883e+01,
       2.15443469e+02, 1.00000000e+03])}";36;12;1533.3564726890988;0.3016349279949354;45.45454545454545;22.53577008218327;36423.552977897205;0.7975722549707561;4728.855705487182;3754.9312539973835;3154.9238903403448;2890.9245424974274;2942.0967915813503;3019.760628306445;3222.9130420766337;3588.1935434325674;3875.6076564517684;3997.3660149903867;4174.467523222253;4108.748015535006;[220.1442945128183, 1480.0687460026165, 1359.5761096596552, 1634.5754575025726, 2304.4032084186497, 1746.7393716935549, 1037.5869579233663, 2650.3064565674326, 1039.8923435482316, 1118.6339850096133, -357.71752322225257, -1591.2480155350058];-1.5710898778932803;0.49809771548804205;7;293;-3.452867117291862;-2.8714554160827745;-2.5720532321867466;False
1990-01_2014-02;2014-03_2015-02;AL;etanolhidratado;ARIMA;"{'alphas': array([1.00000000e-03, 4.64158883e-03, 2.15443469e-02, 1.00000000e-01,
       4.64158883e-01, 2.15443469e+00, 1.00000000e+01, 4.64158883e+01,
       2.15443469e+02, 1.00000000e+03])}";36;12;495.77829902984234;0.12668750284075572;63.63636363636363;-1.8799406507998435;7835.675534218823;0.17245635313287505;2978.018649518352;3016.9252449630308;3015.584400751229;3040.444916948615;3025.7465775902983;3011.6990849984786;3061.0318930552617;3153.105108127474;3313.6936758966945;3495.081410307081;3600.6529736342577;3656.001713300448;[-107.51864951835205, -231.92524496303076, -254.58440075122917, -560.4449169486152, -576.7465775902983, -77.69908499847861, -412.53189305526166, -386.60510812747407, -177.19367589669446, 396.4185896929189, 489.8470263657423, 1190.998286699552];-1.463113143085611;0.5516734841405577;7;281;-3.4538376962008495;-2.8718811911083093;-2.5722803076202174;False
1990-01_2013-02;2013-03_2014-02;AL;etanolhidratado;ARIMA;"{'alphas': array([1.00000000e-03, 4.64158883e-03, 2.15443469e-02, 1.00000000e-01,
       4.64158883e-01, 2.15443469e+00, 1.00000000e+01, 4.64158883e+01,
       2.15443469e+02, 1.00000000e+03])}";36;12;666.8461200533775;0.21374983373412915;45.45454545454545;-19.22551764584232;15816.924321600492;0.23072730566704264;3042.9036965589485;3097.5346514459347;3157.714189786984;3253.9416939989846;3320.4933237731;3410.201283480854;3523.8688967753164;3605.6947658622707;3720.1940212075647;3821.84873073916;3892.965005562424;3926.979463451485;[187.09630344105153, -140.53465144593474, -333.2141897869842, -633.9416939989846, -695.4933237731002, -921.2012834808538, -931.8688967753164, -836.6947658622707, -961.6940212075647, -583.8487307391601, -117.96500556242381, -766.8931984514852];-1.5304200029290342;0.5184129425506206;5;271;-3.4547128138328875;-2.8722649771800155;-2.5724850011573914;False
1990-01_2012-02;2012-03_2013-02;AL;etanolhidratado;ARIMA;"{'alphas': array([1.00000000e-03, 4.64158883e-03, 2.15443469e-02, 1.00000000e-01,
       4.64158883e-01, 2.15443469e+00, 1.00000000e+01, 4.64158883e+01,
       2.15443469e+02, 1.00000000e+03])}";36;12;1347.2455686301334;0.37999752346337123;36.36363636363637;-31.27946070901979;37355.98005093011;0.5505011396834043;2941.13240902483;3202.5362461291807;3445.2838439685906;3816.3494308082813;4042.627862465055;4273.962542140456;4568.251169599298;4766.764796188953;5011.677720332163;5251.930223363696;5177.264415979708;4920.0587946342275;[902.3675909751701, 318.2037538708191, -171.9728439685905, -742.8494308082813, -1167.627862465055, -1201.4625421404562, -1639.251169599298, -1564.2647961889534, -1781.1288743321625, -1969.9058003636965, -1794.2644159797082, -1438.9777946342274];-1.489281524042392;0.5388067954021941;5;259;-3.4558530692911504;-2.872764881778665;-2.572751643088207;False
1990-01_2011-02;2011-03_2012-02;AL;etanolhidratado;ARIMA;"{'alphas': array([1.00000000e-03, 4.64158883e-03, 2.15443469e-02, 1.00000000e-01,
       4.64158883e-01, 2.15443469e+00, 1.00000000e+01, 4.64158883e+01,
       2.15443469e+02, 1.00000000e+03])}";36;12;2278.3201220158758;0.6006869871206907;54.54545454545455;-51.45381300454839;45447.22344082536;1.3449641486393802;5571.709304833396;5278.556920380786;5148.236160458541;5570.266855599858;5790.4532406274875;5771.606660064777;5867.932226048461;5854.729721587983;5865.942978055919;6188.020626730615;6677.393435292053;6880.875282800896;[1135.792695166604, -1600.4408083807862, -1252.7521604585413, -1648.1911305998578, -2350.2182246274874, -2338.6066600647773, -2544.8322260484615, -2579.2297215879826, -2454.9429780559194, -1998.7706267306148, -2911.3934352920533, -3395.9252828008957];-1.1508838006451365;0.6943596869795641;7;245;-3.4573260719088132;-2.873410402808354;-2.573095980841316;False
1990-01_2010-02;2010-03_2011-02;AL;etanolhidratado;ARIMA;"{'alphas': array([1.00000000e-03, 4.64158883e-03, 2.15443469e-02, 1.00000000e-01,
       4.64158883e-01, 2.15443469e+00, 1.00000000e+01, 4.64158883e+01,
       2.15443469e+02, 1.00000000e+03])}";36;12;1621.5208088352258;0.20283372628944032;18.181818181818183;-5.398089069296465;57597.3486340258;0.5232859748492423;8599.400061239136;8055.121381403877;7488.217442117108;7305.002346131816;6992.770631730454;6777.092927934829;6565.035222268142;6375.026326174352;6149.137754062452;6105.210629703168;6117.130336746109;5911.310525362605;[-3829.7183342391354, -2205.3810204038773, -1447.1674421171074, -1213.002346131816, -595.5906317304534, -181.59292793482928, 86.12677773185806, 315.4736738256479, 517.4308799375485, 2396.4790042968325, 1165.9504372538913, 768.7054906373942];-1.3074077290947859;0.6257764908479924;5;235;-3.4584868856997004;-2.873918902362675;-2.573367247623359;False
1990-01_2009-02;2009-03_2010-02;AL;etanolhidratado;ARIMA;"{'alphas': array([1.00000000e-03, 4.64158883e-03, 2.15443469e-02, 1.00000000e-01,
       4.64158883e-01, 2.15443469e+00, 1.00000000e+01, 4.64158883e+01,
       2.15443469e+02, 1.00000000e+03])}";36;12;2114.0781979901362;0.22208391268497338;36.36363636363637;19.16196904102132;58463.59287364466;0.6090984597096947;8227.44593152956;7772.287023929543;7340.13764043835;7035.433371620694;6885.995884658822;6823.525716922586;6720.8900470504395;6538.667193840421;6303.247574335975;6137.0900120052065;5992.3627521627395;5866.6002657792105;[-127.85593152956062, 497.3129760704578, 1172.1623595616493, 1716.6291593793057, 2954.9541153411783, 1973.0242830774132, 2642.6599529495597, 3225.4238061595797, 2061.3024256640247, 3250.9099879947935, 1445.51924783726, -1459.1002657792105];-1.0487641886382857;0.7350660458786139;7;221;-3.4602906385073884;-2.874708679520702;-2.573788599127782;False
1990-01_2008-02;2008-03_2009-02;AL;etanolhidratado;ARIMA;"{'alphas': array([1.00000000e-03, 4.64158883e-03, 2.15443469e-02, 1.00000000e-01,
       4.64158883e-01, 2.15443469e+00, 1.00000000e+01, 4.64158883e+01,
       2.15443469e+02, 1.00000000e+03])}";36;12;3222.844043111787;0.4113673969439055;36.36363636363637;40.312858127666104;89392.01961858665;1.2464924402784021;6937.882279438379;5342.774744027107;4227.351439744247;3760.086736153441;3682.53073025187;3983.9711568192106;4335.604578561872;4286.745569466198;4108.856413825469;3814.7882384927284;3519.8382039472644;3338.1594192874986;[-759.3696534383789, 1437.3421279728927, 2921.359422255753, 3423.3464538465587, 4167.418132748129, 2359.347282180789, 2486.6308064381283, 2961.9668215338024, 2667.550536174531, 4503.478825507271, 4632.061796052735, 3873.0905807125014];-1.2226001272089484;0.6637989418276331;7;209;-3.4620315036789666;-2.8754705024827127;-2.5741950726860647;False
1990-01_2007-02;2007-03_2008-02;AL;etanolhidratado;ARIMA;"{'alphas': array([1.00000000e-03, 4.64158883e-03, 2.15443469e-02, 1.00000000e-01,
       4.64158883e-01, 2.15443469e+00, 1.00000000e+01, 4.64158883e+01,
       2.15443469e+02, 1.00000000e+03])}";36;12;2357.3491464375156;0.36756667967552414;27.272727272727273;41.04352303583326;74624.01881660525;0.9726356910253946;3220.6621888839836;3044.7094832654084;2873.5465467860245;2828.0234225581935;2840.2307013082236;2910.1248596366595;2959.8215436857063;2897.4983261359735;2756.8406839394206;2609.898630737132;2492.9005811202424;2413.010094527796;[94.15251411601639, 284.56302373459175, 678.8680522139757, 1200.1857604418065, 1293.7665996917767, 1680.42245736334, 1617.9280573142942, 2362.9518938640263, 3100.3909060605797, 3701.3546082628677, 4083.285718879758, 3465.463173472204];-1.228484371947764;0.6612240247115935;7;197;-3.463987334463603;-2.8763259091636213;-2.5746515171738515;False
1990-01_2006-02;2006-03_2007-02;AL;etanolhidratado;ARIMA;"{'alphas': array([1.00000000e-03, 4.64158883e-03, 2.15443469e-02, 1.00000000e-01,
       4.64158883e-01, 2.15443469e+00, 1.00000000e+01, 4.64158883e+01,
       2.15443469e+02, 1.00000000e+03])}";36;12;883.472608602486;0.2681776214645069;72.72727272727273;27.243292025921644;10539.074078651513;0.32865808739412117;2311.739857688473;2057.039421206735;2001.5951219337871;2187.934155521705;2442.7621167165653;2619.8352844457263;2523.5728732666544;2227.478654135033;2082.290224961708;2050.5859897635905;1911.6665952106275;1781.6097773849688;[1101.3061423115269, 636.2915787932652, 682.304878066213, 636.2098444782946, 357.8068832834347, 578.8327155542738, 590.9611267333457, 725.0093458649667, 760.5337750382919, 927.6570102364094, 1676.0325517893723, 1136.771809615031];-1.1258442360974783;0.7046562677532013;7;185;-3.4662005731940853;-2.8772932777920364;-2.575167750182615;False
1990-01_2005-02;2005-03_2006-02;AL;etanolhidratado;ARIMA;"{'alphas': array([1.00000000e-03, 4.64158883e-03, 2.15443469e-02, 1.00000000e-01,
       4.64158883e-01, 2.15443469e+00, 1.00000000e+01, 4.64158883e+01,
       2.15443469e+02, 1.00000000e+03])}";36;12;1113.0113402765421;0.39033010523530615;54.54545454545455;30.970267792306927;22102.53090414198;0.33006703199110826;1766.9747506514427;1899.0617828230866;1929.8769685150878;1862.1597070058087;1794.2834485464366;1746.3259442826234;1831.9204153282437;1812.4370610648225;1604.5419800578557;1497.3320094715546;1389.7517941552687;1224.2026477858349;[-383.7537506514427, -529.0117828230866, -531.9939685150878, 201.14929299419146, 684.2835514535634, 1166.3350557173767, 1581.0465846717564, 1346.1439389351776, 1174.0670199421443, 1638.2109905284456, 1510.2782058447315, 1277.274352214165];-0.28479392146971844;0.9276305281504298;8;172;-3.468952197801766;-2.878495056473015;-2.57580913601947;False
1990-01_2004-02;2004-03_2005-02;AL;etanolhidratado;ARIMA;"{'alphas': array([1.00000000e-03, 4.64158883e-03, 2.15443469e-02, 1.00000000e-01,
       4.64158883e-01, 2.15443469e+00, 1.00000000e+01, 4.64158883e+01,
       2.15443469e+02, 1.00000000e+03])}";36;12;693.9152232562805;0.22412018143531534;45.45454545454545;24.300748331826906;16462.1324524506;0.14464060686813537;1577.1795530031666;1572.1740692116127;1486.4256845272469;1468.705993741552;1504.8244325192918;1454.4263624525158;1363.1396021890178;1363.764186513197;1388.4418472683953;1443.1553843485976;1510.6783093932715;1527.1053110933722;[49.629446996833394, -8.862069211612834, 60.081315472753204, 699.379006258448, 1371.8515674807081, 1077.586637547484, 1136.8413978109825, 781.9488134868031, 502.71715273160476, 230.07261565140243, -75.25030939327144, -156.82831109337212];0.44465046691720406;0.9830900717095512;8;160;-3.4718957209472654;-2.8797795410156253;-2.5764947265625;False
1990-01_2003-02;2003-03_2004-02;AL;etanolhidratado;ARIMA;"{'alphas': array([1.00000000e-03, 4.64158883e-03, 2.15443469e-02, 1.00000000e-01,
       4.64158883e-01, 2.15443469e+00, 1.00000000e+01, 4.64158883e+01,
       2.15443469e+02, 1.00000000e+03])}";36;12;419.68063724046243;0.20526637318872565;36.36363636363637;7.428507162450466;11607.40706333726;0.09293346385880065;1342.3016799062816;1336.667480317678;1342.1533053922071;1434.9003250994017;1576.6726233497511;1729.6923714817988;1793.1802816503484;1750.6758024066391;1653.6715881137027;1521.9801037605082;1480.0917401538068;1511.3085745552476;[-124.10367990628151, 620.1495196823221, 843.195694607793, 642.6596749005982, 257.419376650249, -384.19337148179875, -99.46528165034852, -395.5818024066391, -172.39358811370266, 291.89789623949173, 218.70225984619333, -215.87557455524757];0.7652736273478375;0.9910544281551062;8;148;-3.4753253063120644;-2.881274703275226;-2.5772928360116873;False
1990-01_2002-02;2002-03_2003-02;AL;etanolhidratado;ARIMA;"{'alphas': array([1.00000000e-03, 4.64158883e-03, 2.15443469e-02, 1.00000000e-01,
       4.64158883e-01, 2.15443469e+00, 1.00000000e+01, 4.64158883e+01,
       2.15443469e+02, 1.00000000e+03])}";36;12;278.3353156476919;0.14628266192113207;45.45454545454545;-2.2669102319089576;6595.052347771473;0.05973345016405088;1386.925832840912;1394.4112197394106;1397.020014277412;1400.7407690977675;1401.5610792893483;1465.7099857559767;1610.3098248698877;1798.437126103412;1942.4403280167153;1960.670332635575;1886.2273048915158;1748.1647024833824;[26.134167159087838, -41.383219739410606, 130.69098572258804, -87.32676909776751, 190.1019207106517, 429.28501424402316, 176.26717513011226, 233.12287389658786, -440.2443280167154, -500.856332635575, -233.0833048915158, -312.5767024833824];1.7282901712246457;0.9981956641353611;8;136;-3.4793722137854926;-2.8830370378332995;-2.578233635380623;False
1990-01_2001-02;2001-03_2002-02;AL;etanolhidratado;ARIMA;"{'alphas': array([1.00000000e-03, 4.64158883e-03, 2.15443469e-02, 1.00000000e-01,
       4.64158883e-01, 2.15443469e+00, 1.00000000e+01, 4.64158883e+01,
       2.15443469e+02, 1.00000000e+03])}";36;12;662.5357840720152;0.3794095056939241;45.45454545454545;-26.588042314451815;15766.15829080213;0.14091511747245325;1183.532276966825;1487.2614469110488;1845.0371275482855;2190.9490505221793;2270.8003949530535;2161.6594804446254;1997.4577650067147;1886.1752530636095;1878.8973726691142;2057.0025819632765;2386.6100848955803;2696.9422450184147;[676.5927230331749, 100.38655308895113, -161.8361275482855, -709.6090505221794, -718.4733949530535, -758.9174804446254, -845.2767650067146, -526.3492530636095, -82.01237266911426, -106.72858196327661, -552.8210848955803, -1364.7082450184148];1.989111512567682;0.9986586346488814;8;124;-3.484219653271961;-2.885145235641637;-2.579359138917794;False
1990-01_2000-02;2000-03_2001-02;AL;etanolhidratado;ARIMA;"{'alphas': array([1.00000000e-03, 4.64158883e-03, 2.15443469e-02, 1.00000000e-01,
       4.64158883e-01, 2.15443469e+00, 1.00000000e+01, 4.64158883e+01,
       2.15443469e+02, 1.00000000e+03])}";36;12;961.0769100130344;0.4457134952626359;54.54545454545455;-25.99973464808097;19110.556060949195;0.2278904780354288;1844.0479706033811;2006.3440563539627;2186.0924668687426;2539.448581816893;2863.177315288191;2992.7066227430546;3031.1427729718694;2998.9120473685775;2926.067246137618;2917.386927304699;2988.3054746075054;3106.059985090962;[27.988029396618913, 33.90594364603726, 126.52153313125746, -511.8485818168929, 648.8726847118091, 403.5933772569456, -339.5647729718694, -1162.2450473685776, -1494.288246137618, -1411.345927304699, -1565.5534746075054, -1441.631985090962];0.7861280818172943;0.9914089172030985;2;118;-3.4870216863700767;-2.8863625166643136;-2.580009026141913;False
1990-01_1999-02;1999-03_2000-02;AL;etanolhidratado;ARIMA;"{'alphas': array([1.00000000e-03, 4.64158883e-03, 2.15443469e-02, 1.00000000e-01,
       4.64158883e-01, 2.15443469e+00, 1.00000000e+01, 4.64158883e+01,
       2.15443469e+02, 1.00000000e+03])}";36;12;1130.9993381547224;0.404122667405477;36.36363636363637;-33.91965198760777;31374.136459391157;0.3439948842757247;3108.198891492071;3271.3392277614453;3414.860586979799;3634.8233630866885;3802.1732079271433;3854.0136249313305;3874.032145661744;3859.5671884175727;3847.734269019275;3878.034856646661;3903.607660163295;3958.134159419347;[-179.0988914920713, -598.7722277614453, -279.77158697979894, -583.0733630866885, -824.7832079271434, -820.8326249313304, -949.2051456617437, -289.1321884175727, -1089.736269019275, -1337.454856646661, -2140.212660163295, -2155.370159419347];-0.1331587185494458;0.9460339962735789;2;106;-3.4936021509366793;-2.8892174239808703;-2.58153320754717;False
1990-01_1998-02;1998-03_1999-02;AL;etanolhidratado;ARIMA;"{'alphas': array([1.00000000e-03, 4.64158883e-03, 2.15443469e-02, 1.00000000e-01,
       4.64158883e-01, 2.15443469e+00, 1.00000000e+01, 4.64158883e+01,
       2.15443469e+02, 1.00000000e+03])}";36;12;1656.7572801620986;0.43544337156595997;45.45454545454545;-40.799872258702095;39453.41295085559;0.7318282935744288;4486.613254650673;4465.033980496602;4706.741070637451;5425.68196269083;5324.407200789467;5183.84568355206;5255.812725629495;5214.447037996612;5090.460563086364;5165.15581094076;5622.0610921734515;5821.966847306337;[-497.04825465067324, -312.64598049660253, -1188.8910706374513, -1850.9259626908301, -1694.0332007894676, -1434.23168355206, -1038.9627256294943, -1160.7620379966124, -1762.5875630863643, -1561.7558109407596, -2309.6970921734514, -3085.4278473063364];-1.0107373638101012;0.7493279764918901;2;94;-3.5019123847798657;-2.892815255482889;-2.583453861475781;False
1990-01_1997-02;1997-03_1998-02;AL;etanolhidratado;ARIMA;"{'alphas': array([1.00000000e-03, 4.64158883e-03, 2.15443469e-02, 1.00000000e-01,
       4.64158883e-01, 2.15443469e+00, 1.00000000e+01, 4.64158883e+01,
       2.15443469e+02, 1.00000000e+03])}";36;12;1465.2688751470396;0.26889446263282396;36.36363636363637;-21.006178357003545;40554.01985347536;0.9034978710977959;6938.273709195318;6753.7390782676985;6485.211346565879;6502.0600480286985;6357.296615045123;6020.284371245737;5920.022627481037;5942.931737396696;5830.161781956134;5985.359338790966;6326.403013466696;6694.047236474814;[-35.819709195317955, 534.2739217323015, -966.0983465658783, -1859.183048028698, -879.2066150451228, -107.333371245737, -818.2276274810365, -957.913737396696, -1614.0047819561341, -1093.1263387909657, -2137.7170134666967, -3216.539236474814];-8.369420883045592;2.687344116868578e-13;0;84;-3.510711795769895;-2.8966159448223734;-2.5854823866213152;True
1990-01_1996-02;1996-03_1997-02;AL;etanolhidratado;ARIMA;"{'alphas': array([1.00000000e-03, 4.64158883e-03, 2.15443469e-02, 1.00000000e-01,
       4.64158883e-01, 2.15443469e+00, 1.00000000e+01, 4.64158883e+01,
       2.15443469e+02, 1.00000000e+03])}";36;12;1838.7730851345045;0.22091067602619888;72.72727272727273;1.266998375298128;21893.376087009845;0.8196795656983418;6064.73875740763;5901.557901567767;5487.303800588674;5420.118788157003;5760.255371248578;6037.152990226111;6813.471280491584;7533.112615170997;8075.479276704137;8759.7229134071;8851.515431044389;8625.43734321146;[1945.4622425923699, 1029.8770984322337, 3564.185199411326, 1132.7532118429972, 984.145628751422, 717.2470097738887, 209.92871950841527, -472.2806151709965, -1387.0622767041368, -917.0929134071002, -2250.6144310443888, -3487.2123432114604];-8.148269129744113;9.853435684848328e-13;0;72;-3.524624466842421;-2.9026070739026064;-2.5886785262345677;True
1990-01_1995-02;1995-03_1996-02;AL;etanolhidratado;ARIMA;"{'alphas': array([1.00000000e-03, 4.64158883e-03, 2.15443469e-02, 1.00000000e-01,
       4.64158883e-01, 2.15443469e+00, 1.00000000e+01, 4.64158883e+01,
       2.15443469e+02, 1.00000000e+03])}";36;12;1132.1168583187878;0.1425053571443029;54.54545454545455;-3.1685404026190542;22355.43576615598;0.3012160369500619;6993.130517844337;6727.609040767603;6603.67824354345;6732.103065854643;6494.222435167674;6930.177206461758;6914.6585953893655;7298.873467982238;7588.180234569045;7331.192934963529;7521.287699127108;7742.180192288635;[772.669482155663, -100.63504076760273, -2519.38224354345, 540.710934145357, 164.89956483232618, -2721.2652064617578, 358.3974046106341, 203.79853201776132, 69.35776543095471, 622.0010650364711, 265.2533008728924, -262.58019228863486];-9.026283031142798;5.598869365117424e-15;0;60;-3.5443688564814813;-2.9110731481481484;-2.5931902777777776;True
1990-01_1994-02;1994-03_1995-02;AL;etanolhidratado;ARIMA;"{'alphas': array([1.00000000e-03, 4.64158883e-03, 2.15443469e-02, 1.00000000e-01,
       4.64158883e-01, 2.15443469e+00, 1.00000000e+01, 4.64158883e+01,
       2.15443469e+02, 1.00000000e+03])}";36;12;501.9136054187105;0.057718014925097705;54.54545454545455;-1.8341812356478933;9892.542280671249;0.17494035129859223;7588.335897891433;7430.477310268778;7675.091400627542;7747.780308253594;7703.169793871029;7434.303483938379;7582.110809457693;7363.669805395726;7773.905237256324;7872.607482607941;7856.267112317771;7887.702342152032;[428.664102108567, -294.0773102687781, -650.200400627542, -284.1303082535942, -839.4697938710287, 414.74651606162115, 610.139190542307, 10.380194604274038, -420.4552372563239, 105.79251739205847, 151.48288768222938, -888.4023421520315];-8.232168884110342;6.022007497161314e-13;0;48;-3.5745892596209488;-2.9239543084490744;-2.6000391840277777;True
1990-01_1993-02;1993-03_1994-02;AL;etanolhidratado;ARIMA;"{'alphas': array([1.00000000e-03, 4.64158883e-03, 2.15443469e-02, 1.00000000e-01,
       4.64158883e-01, 2.15443469e+00, 1.00000000e+01, 4.64158883e+01,
       2.15443469e+02, 1.00000000e+03])}";36;12;1246.0590725987752;0.14297011030213638;36.36363636363637;14.605172013779876;34416.679007021165;0.44816297868212673;6746.641292166913;6744.085896163005;6740.851040265063;6733.416648258123;6730.710824965026;6728.311083329103;6726.008434885928;6724.709111296481;6727.048050716971;6726.382753977786;6728.367947213239;6731.580388748175;[1585.708707833087, 884.9041038369951, 803.8989597349373, 1762.3833517418761, 324.44317503497405, 1461.938916670897, 692.9915651140718, 1175.3408887035193, 882.9019492830284, 2093.267246022214, 1131.882052786761, 1017.6196112518246];-6.8245014315118215;1.963515589791623e-09;0;36;-3.626651907578875;-2.9459512825788754;-2.6116707716049383;True
