train_range;test_range;UF;PRODUCT;MODEL;PARAMS;WINDOW;HORIZON;RMSE;MAPE;POCID;PBE;MCPM;MASE;P1;P2;P3;P4;P5;P6;P7;P8;P9;P10;P11;P12;error_series;Test Statistic;p-value;Lags Used;Observations Used;Critical Value (1%);Critical Value (5%);Critical Value (10%);Stationary
1990-01_2023-02;2023-03_2024-02;BA;glp;ARIMA;"{'alphas': array([1.00000000e-03, 4.64158883e-03, 2.15443469e-02, 1.00000000e-01,
       4.64158883e-01, 2.15443469e+00, 1.00000000e+01, 4.64158883e+01,
       2.15443469e+02, 1.00000000e+03])}";36;12;6901.799140443306;0.08433311767729101;63.63636363636363;-5.111308340635269;108928.5155478279;1.626017594029614;71096.18829288684;76394.05361714805;81728.37103029258;75086.9832322879;75388.65258069476;79773.1757595764;74274.95084193486;77874.94243279948;74911.1055708265;74959.7846617745;76933.22665588708;76052.76898320718;[8614.358807113153, -8634.504707148051, -12655.017770292572, 3135.7957577121124, 1768.4434293052327, -624.1159795764106, -2444.0812719348614, -6097.964172799475, -6132.045790826509, -4908.271981774495, -6181.188615887077, -10310.073333207183];-1.8468085438565134;0.3574824301913394;17;379;-3.4477224095888497;-2.869196333125208;-2.5708486586002604;False
1990-01_2022-02;2022-03_2023-02;BA;glp;ARIMA;"{'alphas': array([1.00000000e-03, 4.64158883e-03, 2.15443469e-02, 1.00000000e-01,
       4.64158883e-01, 2.15443469e+00, 1.00000000e+01, 4.64158883e+01,
       2.15443469e+02, 1.00000000e+03])}";36;12;6909.713895600268;0.06956649906014654;45.45454545454545;-5.266198313006805;163409.45198041908;inf;77148.40230987252;81142.6181699612;84121.27041465354;80935.12652424244;79387.23236113496;80136.23447459155;77741.65056833257;82192.79474116866;77513.32856411097;77617.07720817863;80280.98065974568;79355.00154447727;[2300.661100127487, -12275.317449961207, -3601.7486746535433, -2334.0993542424403, 2734.459668865049, -193.7996945915511, -1563.3860783325654, -9586.064671168657, -1022.0803741109703, 549.4608318213723, -7404.748779745671, -15508.197194477274];-1.5433552401273258;0.5119656058960199;17;367;-3.448294490928673;-2.869447722240253;-2.570982681065269;False
1990-01_2021-02;2021-03_2022-02;BA;glp;ARIMA;"{'alphas': array([1.00000000e-03, 4.64158883e-03, 2.15443469e-02, 1.00000000e-01,
       4.64158883e-01, 2.15443469e+00, 1.00000000e+01, 4.64158883e+01,
       2.15443469e+02, 1.00000000e+03])}";36;12;5585.592948237916;0.06383267131852806;36.36363636363637;-2.9963176128097935;154069.13634770576;1.2549928886928705;83847.13877014419;80469.25500229513;85017.3064672313;81394.32480375023;80473.56082342363;82638.89545513087;81301.77092008863;82373.4159804997;79934.98473797216;79324.70331076332;82630.02569057475;82880.60096972527;[-5088.830800144191, -3097.9126122951275, -5395.969507231304, 4395.669766249761, 6786.792436576376, 3837.515774869127, -2571.3089600886306, -5801.745690499709, -3755.665897972154, 714.3075592366804, -8345.994890574759, -10253.032129725267];-0.971604476596007;0.7634795420403705;17;355;-3.448905534655263;-2.8697161816205705;-2.5711258103550882;False
1990-01_2020-02;2020-03_2021-02;BA;glp;ARIMA;"{'alphas': array([1.00000000e-03, 4.64158883e-03, 2.15443469e-02, 1.00000000e-01,
       4.64158883e-01, 2.15443469e+00, 1.00000000e+01, 4.64158883e+01,
       2.15443469e+02, 1.00000000e+03])}";36;12;6223.760886244999;0.06688555646428608;63.63636363636363;5.631747271310613;98180.12638675884;0.882181411131669;76530.67523108819;76413.5421047481;81708.41183198498;77539.08999479505;77396.56006577032;80624.47366791067;77596.73098752426;76712.0577877511;74402.43669719298;77402.9798205855;76298.51430090627;76881.70037858839;[3942.4896289118187, 3211.249565251899, -1488.502411984984, 7297.071235204945, 12160.23884422968, 5724.323432089324, 6257.118652475736, 7138.416852248905, 4782.545182807022, 8039.270179414496, 2666.6904090937314, -4259.4014685883885];-1.331754432669591;0.6145223502478292;17;343;-3.449559661646851;-2.8700035112469626;-2.5712790073013796;False
1990-01_2019-02;2019-03_2020-02;BA;glp;ARIMA;"{'alphas': array([1.00000000e-03, 4.64158883e-03, 2.15443469e-02, 1.00000000e-01,
       4.64158883e-01, 2.15443469e+00, 1.00000000e+01, 4.64158883e+01,
       2.15443469e+02, 1.00000000e+03])}";36;12;4864.116846741435;0.053563853006187344;54.54545454545455;0.7706130124849707;95851.34349097374;0.9641058225712765;76624.57897322196;73741.18690889419;79585.17644671882;77213.55698988098;75893.97792277664;77839.44697258486;76601.74033057383;75095.42796908415;72246.32631189865;76484.57686230098;77265.11470967154;76061.45906333062;[-6354.8525232219545, 73.92903110581392, -3054.0749967188167, -3169.892129880973, 9114.522077223359, 6336.467887415143, 1134.7324994261726, 6447.198840915851, 2154.0196981013432, 3222.9376276990224, -2933.2705096715363, -5868.547833330624];-1.4600178664588965;0.553189147787812;17;331;-3.4502615951739393;-2.8703117734117742;-2.5714433728242714;False
1990-01_2018-02;2018-03_2019-02;BA;glp;ARIMA;"{'alphas': array([1.00000000e-03, 4.64158883e-03, 2.15443469e-02, 1.00000000e-01,
       4.64158883e-01, 2.15443469e+00, 1.00000000e+01, 4.64158883e+01,
       2.15443469e+02, 1.00000000e+03])}";36;12;5229.344217911812;0.05563070780110712;54.54545454545455;-0.45572377389730595;103053.08490342338;1.2146563390763954;76440.7098366684;76145.24120878578;78841.52388517345;74748.28169863981;75469.67228568583;77984.86443403874;76983.81845405266;77147.19533900675;71346.62287219893;74841.11565464467;75888.24124525159;76130.13405786904;[-901.8203466683917, -2535.5437487857853, -9458.480405173454, 9028.247291360196, 5676.594014314178, 3850.7424459612666, -2115.247804052662, -906.8547590067465, 3714.451407801069, 620.6325353553257, -2261.6289252515853, -8848.289857869036];-1.379645108865366;0.5919946772549198;17;319;-3.4510167751522642;-2.87064334231426;-2.5716201744283174;False
1990-01_2017-02;2017-03_2018-02;BA;glp;ARIMA;"{'alphas': array([1.00000000e-03, 4.64158883e-03, 2.15443469e-02, 1.00000000e-01,
       4.64158883e-01, 2.15443469e+00, 1.00000000e+01, 4.64158883e+01,
       2.15443469e+02, 1.00000000e+03])}";36;12;5174.559378013218;0.056623106799676755;45.45454545454545;1.9925545521166543;122345.47924614235;1.7116849460996033;71337.1181651348;74117.21706704856;77884.82680660255;73210.20178801636;72201.55130646075;78335.2593754304;72550.73405416665;75195.11068491996;71901.26068317785;74658.99444324753;73076.2952339819;74430.37917303514;[7655.291174865197, -6293.660907048572, -1932.8775266025477, 3202.680301983637, 8591.329123539253, 5686.836904569602, 6364.835505833355, 1107.597155080046, 2117.7050968221447, -792.0523432475311, -146.91117398190545, -7488.8846030351415];-1.480252641465206;0.5432564793471104;17;307;-3.4518314994261337;-2.8710009653519166;-2.571810878948318;False
1990-01_2016-02;2016-03_2017-02;BA;glp;ARIMA;"{'alphas': array([1.00000000e-03, 4.64158883e-03, 2.15443469e-02, 1.00000000e-01,
       4.64158883e-01, 2.15443469e+00, 1.00000000e+01, 4.64158883e+01,
       2.15443469e+02, 1.00000000e+03])}";36;12;4955.687966958625;0.0579887286024128;54.54545454545455;-0.7668977790888316;97665.38870982997;1.3728736010055202;70001.10835546772;76264.01815537721;77817.72581562509;73607.72169138554;73023.50562811902;75392.16329579832;72148.37164269925;76754.6637195341;72145.74020650091;73603.75753997738;74595.00216479981;74259.84927929826;[2260.0347645322763, -5815.688445377207, -5178.916035625094, -136.11843138553377, 5396.740751880978, 6261.666414201682, 4634.838497300749, -3395.698139534099, 173.66196349909296, 3109.4073200226267, -3977.3101347998017, -10103.122829298256];-1.2643350793811805;0.6453270812921303;15;297;-3.4525611751768914;-2.87132117782556;-2.5719816428028888;False
1990-01_2015-02;2015-03_2016-02;BA;glp;ARIMA;"{'alphas': array([1.00000000e-03, 4.64158883e-03, 2.15443469e-02, 1.00000000e-01,
       4.64158883e-01, 2.15443469e+00, 1.00000000e+01, 4.64158883e+01,
       2.15443469e+02, 1.00000000e+03])}";36;12;5234.509326665847;0.0601849059709324;54.54545454545455;-3.674131120959833;103165.2832624285;1.2322465817791024;75831.60714082967;76907.88734477342;76980.9858151344;75853.98962676415;76430.9071380953;77902.93679612639;74401.8286210492;78947.04975873002;74041.73035510795;74731.99319981942;77414.75546361462;78071.70763621254;[-2282.942280829666, -5654.800384773422, -3556.349945134396, 1154.9759532358585, 5884.246851904711, 2370.8729838736035, 315.2420289508009, -4908.093238730013, -5173.219485107955, -1474.0439198194217, -9377.644953614625, -9814.35075621253];-0.8737759665342788;0.7964856709776438;15;285;-3.4535050041524245;-2.8717352599720294;-2.5722024776854417;False
1990-01_2014-02;2014-03_2015-02;BA;glp;ARIMA;"{'alphas': array([1.00000000e-03, 4.64158883e-03, 2.15443469e-02, 1.00000000e-01,
       4.64158883e-01, 2.15443469e+00, 1.00000000e+01, 4.64158883e+01,
       2.15443469e+02, 1.00000000e+03])}";36;12;4839.743355332534;0.0555541675152871;72.72727272727273;3.8466717439422116;57271.725105617836;1.6236762348217926;73009.50545278282;71204.31171545472;75491.56707161211;71759.07343571514;72340.54771646077;76006.08838212563;72689.47015608405;74320.59362377941;69088.6272085849;72443.5797634782;75046.12741792764;73761.95897072583;[2220.7191872171825, 2877.7462545452727, 2884.329668387887, 3174.5588142848574, 9750.676923539228, 3959.2268378743756, 5068.886723915959, 3431.3755762205983, 3109.5738814150973, 6473.208276521793, -863.9480679276312, -6994.982520725825];-0.7981747233331705;0.8196576409382523;15;273;-3.45453261164607;-2.8721859575020017;-2.572442854861866;False
1990-01_2013-02;2013-03_2014-02;BA;glp;ARIMA;"{'alphas': array([1.00000000e-03, 4.64158883e-03, 2.15443469e-02, 1.00000000e-01,
       4.64158883e-01, 2.15443469e+00, 1.00000000e+01, 4.64158883e+01,
       2.15443469e+02, 1.00000000e+03])}";36;12;4023.0840355384817;0.04878234779905693;100.0;2.5604492717964824;84.98111766793569;0.7667393025452448;70182.129672261;71782.87367411975;74425.91682835162;70236.85849400809;70564.30348359158;73486.66727282303;71531.89285334418;71843.01147839481;67937.94018106803;70020.84610315853;72231.72344252917;71834.61948060164;[-4026.9811222610006, -1117.1796841197502, -1744.8651983516174, 1808.2003159919113, 7500.268976408421, 5236.979467176963, 1532.0799766558193, 4682.837891605188, 4367.221068931976, 4658.335596841469, 3088.2059074708377, -3489.6557106016407];-1.2078270091616297;0.6702196997863796;15;261;-3.4556556713934934;-2.872678352489859;-2.57270548832225;False
1990-01_2012-02;2012-03_2013-02;BA;glp;ARIMA;"{'alphas': array([1.00000000e-03, 4.64158883e-03, 2.15443469e-02, 1.00000000e-01,
       4.64158883e-01, 2.15443469e+00, 1.00000000e+01, 4.64158883e+01,
       2.15443469e+02, 1.00000000e+03])}";36;12;3586.984749965999;0.037413602524257406;63.63636363636363;-0.4115616516444545;56539.062408889564;0.4748202126990007;71505.92427420772;71575.29421165859;72286.8405682808;71216.97600732783;70882.12473480066;72328.51846431092;70337.11838530005;72355.30078658838;69327.33840391492;70129.35636079987;71159.07970849193;71148.75418197765;[16.17717579228338, -6133.538951658593, -1181.2328482807934, 1602.8888826721668, 2608.7952551993367, 4622.597475689079, 68.9184046999435, 3345.045223411609, 797.4508660850697, 643.5132092001295, -1520.467388491932, -8371.51324197765];-1.0046123420204243;0.7515783402136514;15;249;-3.4568881317725864;-2.8732185133016057;-2.5729936189738876;False
1990-01_2011-02;2011-03_2012-02;BA;glp;ARIMA;"{'alphas': array([1.00000000e-03, 4.64158883e-03, 2.15443469e-02, 1.00000000e-01,
       4.64158883e-01, 2.15443469e+00, 1.00000000e+01, 4.64158883e+01,
       2.15443469e+02, 1.00000000e+03])}";36;12;3631.466763185205;0.040185895299130754;45.45454545454545;1.9391700953125;85835.29858050273;0.5551240082826709;69361.47129240188;68219.95034419115;74397.95406192062;67826.32479589444;68242.35091219975;70507.15145852468;69246.73721076408;69762.33618417676;69011.058933912;68265.66150597646;68899.39236551047;70323.79553463073;[78.4527275981236, -740.9490641911543, -3025.995201920625, 4587.509144105556, 5347.025897800253, 6449.763511475321, 2251.56532923592, 326.50077582323865, 1329.6148860879912, 5253.820374023548, -635.6804055104731, -4727.862564630734];-0.9275544735683253;0.778762971889303;15;237;-3.4582467982399105;-2.8738137461081323;-2.5733111490323846;False
1990-01_2010-02;2010-03_2011-02;BA;glp;ARIMA;"{'alphas': array([1.00000000e-03, 4.64158883e-03, 2.15443469e-02, 1.00000000e-01,
       4.64158883e-01, 2.15443469e+00, 1.00000000e+01, 4.64158883e+01,
       2.15443469e+02, 1.00000000e+03])}";36;12;5585.832798271517;0.06339384839705371;45.45454545454545;5.6229502253725725;132085.91498045262;0.687921295314459;62171.75829583826;64061.58230566116;69317.30100007169;66600.45901512617;62786.41604871486;68282.6097772361;63769.38154870972;66898.56438298458;64630.35350184728;65838.16103785546;64850.80258436712;67293.2425704476;[5850.801484161733, 1769.129654338838, -1470.3393800716876, 1914.352574873832, 12666.271311285134, 6484.183702763898, 7829.044171290276, 2013.308807015419, 3886.735268152719, 6349.708532144534, 1768.5586056328757, -2202.3337504476076];-1.4062896741786413;0.5792570827083449;15;225;-3.4597521044060353;-2.874472927517147;-2.5736628197530864;False
1990-01_2009-02;2009-03_2010-02;BA;glp;ARIMA;"{'alphas': array([1.00000000e-03, 4.64158883e-03, 2.15443469e-02, 1.00000000e-01,
       4.64158883e-01, 2.15443469e+00, 1.00000000e+01, 4.64158883e+01,
       2.15443469e+02, 1.00000000e+03])}";36;12;4779.301239828114;0.0605452919794629;45.45454545454545;-4.100111211735672;113008.44527269829;0.38518252920767454;67599.19965342217;66022.86406431168;72331.89635362144;69057.4760004922;67874.7346922018;71255.22173569971;65609.58361280212;70080.50737470777;66390.34449807915;67841.34701710429;68553.10073859702;69486.3899104702;[-5730.761243422166, -2914.4365243116845, -6619.080023621442, -1058.6646204922, 4064.6940177981887, -2210.691245699709, 2111.8402971978794, -965.5399847077642, -3362.2521080791557, 733.814572895717, -5545.812698597016, -10882.637390470198];-1.0158395291326936;0.7474434475116619;15;213;-3.461429147102264;-2.875206950587861;-2.5740544497344002;False
1990-01_2008-02;2008-03_2009-02;BA;glp;ARIMA;"{'alphas': array([1.00000000e-03, 4.64158883e-03, 2.15443469e-02, 1.00000000e-01,
       4.64158883e-01, 2.15443469e+00, 1.00000000e+01, 4.64158883e+01,
       2.15443469e+02, 1.00000000e+03])}";36;12;7324.882076625078;0.08027223980411351;36.36363636363637;4.074920062804883;202096.53361759274;0.7212755562676098;67341.35702591574;63981.09985743371;66280.85950254793;65946.51276690762;62933.46031064502;66554.97161151576;63102.27470858257;66958.49101165592;61455.3314725008;63846.75091733614;66924.50038043466;66749.41438305443;[-4789.036375915741, 1236.0414425662893, -1311.0551525479314, 6252.972333092388, 17959.575919354975, 7043.914528484238, 9950.987971417431, 2844.036798344081, -1109.0693725008023, 5356.899862663857, -2172.2087104346647, -8040.327423054434];-1.2481503970576684;0.6525475034008981;15;201;-3.4633090972761744;-2.876029332045744;-2.5744932593252643;False
1990-01_2007-02;2007-03_2008-02;BA;glp;ARIMA;"{'alphas': array([1.00000000e-03, 4.64158883e-03, 2.15443469e-02, 1.00000000e-01,
       4.64158883e-01, 2.15443469e+00, 1.00000000e+01, 4.64158883e+01,
       2.15443469e+02, 1.00000000e+03])}";36;12;4030.1747048559805;0.05570162378362511;81.81818181818181;2.5907358317331735;31827.04143353467;0.3325561093511723;62320.744687715014;61597.1532841288;67329.6891296786;64935.40343181933;61579.46642711488;66017.21212716866;61851.65777573754;64186.08527327135;59236.40639561936;61220.85293661984;64636.402534562985;64522.03278542805;[1857.7554822849852, -1413.028404128796, -1804.634519678606, 1909.0349981806648, 5133.486852885122, 4299.323562831341, 4272.201964262458, 4200.411576728649, 4338.534164380646, 5710.405463380164, -1332.5464245629846, -6972.757425428048];-1.397935294951296;0.583265562811923;15;189;-3.4654311561944873;-2.8769570530458792;-2.574988319755886;False
1990-01_2006-02;2006-03_2007-02;BA;glp;ARIMA;"{'alphas': array([1.00000000e-03, 4.64158883e-03, 2.15443469e-02, 1.00000000e-01,
       4.64158883e-01, 2.15443469e+00, 1.00000000e+01, 4.64158883e+01,
       2.15443469e+02, 1.00000000e+03])}";36;12;4650.252463561296;0.05586173429556579;63.63636363636363;2.2977572151615866;73335.85049032904;0.2744005389160515;60041.37389574425;61365.647279973426;63733.72370359676;64771.32843010419;57170.135634557875;65894.70519861992;58772.08047802915;63071.591599058396;58665.47300790548;63081.09508133447;60720.23956908186;62977.19277985672;[1637.13153425575, -3266.694379973429, 830.6621664032355, 807.070119895805, 9857.86979544213, 2175.387191380083, 6789.040901970846, 2168.0134709416016, 4134.979892094518, 1158.0480386655327, -304.57616908186174, -8577.42130985672];-1.587137078821135;0.4900517061401672;15;177;-3.467845319799907;-2.878011745497439;-2.575551186759871;False
1990-01_2005-02;2005-03_2006-02;BA;glp;ARIMA;"{'alphas': array([1.00000000e-03, 4.64158883e-03, 2.15443469e-02, 1.00000000e-01,
       4.64158883e-01, 2.15443469e+00, 1.00000000e+01, 4.64158883e+01,
       2.15443469e+02, 1.00000000e+03])}";36;12;4706.788356551335;0.06566675576266424;45.45454545454545;-1.0691711213212682;111304.43052473861;0.2640967458434678;61310.050412863944;61425.33037390628;63338.5719425332;59749.85123006506;62716.62883635554;63628.64188030087;59227.84545687695;62751.50714216025;61304.451148690154;59878.98007189567;62794.08488220798;63094.24662087181;[-2892.086642863942, -646.4789239062811, -1654.7186825331955, 5100.161449934938, 1928.9544936444581, 4332.100869699134, 4022.4824431230445, -3612.6104021602514, -2692.942088690157, 3974.271738104333, -3957.802272207977, -11742.40966087181];-2.106443930503775;0.24193137198943226;13;167;-3.470126426071447;-2.8790075987120027;-2.5760826967621644;False
1990-01_2004-02;2004-03_2005-02;BA;glp;ARIMA;"{'alphas': array([1.00000000e-03, 4.64158883e-03, 2.15443469e-02, 1.00000000e-01,
       4.64158883e-01, 2.15443469e+00, 1.00000000e+01, 4.64158883e+01,
       2.15443469e+02, 1.00000000e+03])}";36;12;5240.091115503779;0.07222880628548091;27.272727272727273;4.752498574628454;165186.2372640123;0.3039091132483256;55727.05512026056;57402.96761708309;61942.59386961268;56425.22059611672;56668.14280756609;61393.51540483474;57008.12430431172;58956.29963635664;57686.863697929024;57191.398812185376;58347.4434262197;59530.55077207988;[6384.048519739445, 1766.1869329169058, -1535.0520496126846, 5534.70667388328, 9799.888102433913, 4357.186415165263, 7105.11024568828, 756.8876336433605, 2150.2435720709764, 6393.372097814623, -1689.9850962197015, -6180.990992079875];-2.2540199159170116;0.1872263239548898;13;155;-3.4732590518613002;-2.880374082105334;-2.5768120811654525;False
1990-01_2003-02;2003-03_2004-02;BA;glp;ARIMA;"{'alphas': array([1.00000000e-03, 4.64158883e-03, 2.15443469e-02, 1.00000000e-01,
       4.64158883e-01, 2.15443469e+00, 1.00000000e+01, 4.64158883e+01,
       2.15443469e+02, 1.00000000e+03])}";36;12;5249.958547696611;0.077594100554174;27.272727272727273;-5.642638821903125;165509.65528277808;0.2485345635461168;55711.522286689986;63059.90702923927;65492.08941882721;60756.35257595765;58485.0897480907;64402.58948515791;59800.08128592846;64449.7026476769;60497.0408872486;59319.56280292515;61433.11272002465;62987.93978174863;[-228.41683668998303, -9019.787029239269, -7341.387598827205, -4730.625305957648, 3351.879341909298, -3311.4858451579057, 2179.8296240715354, -3632.7590076769047, -3400.366337248597, 1221.729927074848, -4393.8072700246485, -10027.510691748634];-0.847158070080295;0.8048759233365232;11;145;-3.476273058920005;-2.881687616548444;-2.5775132580261593;False
1990-01_2002-02;2002-03_2003-02;BA;glp;ARIMA;"{'alphas': array([1.00000000e-03, 4.64158883e-03, 2.15443469e-02, 1.00000000e-01,
       4.64158883e-01, 2.15443469e+00, 1.00000000e+01, 4.64158883e+01,
       2.15443469e+02, 1.00000000e+03])}";36;12;6905.393630044319;0.08760003022703584;45.45454545454545;-7.86167342445811;163361.63044046835;0.32550695902711246;66438.39875300201;65510.69504978522;66169.20351770325;65292.66589312564;64384.27416627332;67341.27454353601;64255.36836194479;66691.59607983993;63376.080857323046;63043.53866324035;66411.09909388771;66955.41066078973;[-35.73330300200905, -8554.396869785225, 524.6583022967534, -6964.809533125641, 306.5021937266865, -5507.95090353601, -2171.70654194479, -2487.2688098399303, -3058.900857323046, -1250.2532132403503, -12667.43182388771, -15412.092480789725];1.0701713235541355;0.994953832021498;11;133;-3.480500383888377;-2.8835279559405045;-2.578495716547007;False
1990-01_2001-02;2001-03_2002-02;BA;glp;ARIMA;"{'alphas': array([1.00000000e-03, 4.64158883e-03, 2.15443469e-02, 1.00000000e-01,
       4.64158883e-01, 2.15443469e+00, 1.00000000e+01, 4.64158883e+01,
       2.15443469e+02, 1.00000000e+03])}";36;12;4595.861002019447;0.06112426514170146;54.54545454545455;2.6336553206896975;90580.39849657123;0.36233714063790284;64233.49791220087;62348.80760237125;64233.25543117536;61804.43434360564;63256.54464159143;64654.40608506914;62308.849720574035;63490.50530205684;62587.89209368738;61521.4775110733;63525.25844378475;64175.99999333651;[1180.460267799128, -1254.6312423712516, 2531.030018824633, 6432.471106394369, 3403.406268408573, 4738.284824930866, 4042.7266394259714, 3909.93287794316, -745.9248236873755, 7751.667938926694, -3452.352993784749, -8030.170903336511];1.0742142472680967;0.9949904306833773;11;121;-3.485585145896754;-2.885738566292665;-2.5796759080663887;False
1990-01_2000-02;2000-03_2001-02;BA;glp;ARIMA;"{'alphas': array([1.00000000e-03, 4.64158883e-03, 2.15443469e-02, 1.00000000e-01,
       4.64158883e-01, 2.15443469e+00, 1.00000000e+01, 4.64158883e+01,
       2.15443469e+02, 1.00000000e+03])}";36;12;4681.284236163892;0.0643491619003195;45.45454545454545;4.921107065585723;110698.62474835232;0.3056456071173584;59371.27023936907;59514.035442153676;60666.205173905175;57867.5815060659;59559.27680410089;59684.35835823489;58381.52493013756;61364.74088047873;59092.12948225162;57802.021982793696;59477.12283567036;60433.180491001825;[613.1715806309294, -575.4554421536741, 1397.4220960948223, 6046.178493934101, 5828.892285899114, 6610.674371765119, 5952.018709862445, 2021.391849521271, 3756.097787748382, 7247.919837206304, 3364.702614329639, -5348.409581001826];0.1803481380191217;0.9711375897710578;11;109;-3.49181775886872;-2.8884437992971588;-2.5811201893779985;False
1990-01_1999-02;1999-03_2000-02;BA;glp;ARIMA;"{'alphas': array([1.00000000e-03, 4.64158883e-03, 2.15443469e-02, 1.00000000e-01,
       4.64158883e-01, 2.15443469e+00, 1.00000000e+01, 4.64158883e+01,
       2.15443469e+02, 1.00000000e+03])}";36;12;3845.287411164876;0.05104176282479536;36.36363636363637;3.8853037223516678;106044.64889536487;0.17790326624216896;54723.34184438363;56364.272013115886;58362.73849247913;54717.77894946456;56332.79603386326;56726.357532656104;55832.021830742146;58735.597515296555;55315.56055427913;55172.76361845873;56619.8873147978;57402.04671435905;[3894.274515616373, -591.5647431158868, -740.0675824791324, 4899.153780535438, 5512.9276061367345, 3078.109737343897, 2088.852719257855, -124.68296529655345, 3732.7758057208703, 8288.35638154127, 500.98177520219906, -3200.4158043590505];-0.48289687017527855;0.8953110661442811;11;97;-3.4996365338407074;-2.8918307730370025;-2.5829283377617176;False
1990-01_1998-02;1998-03_1999-02;BA;glp;ARIMA;"{'alphas': array([1.00000000e-03, 4.64158883e-03, 2.15443469e-02, 1.00000000e-01,
       4.64158883e-01, 2.15443469e+00, 1.00000000e+01, 4.64158883e+01,
       2.15443469e+02, 1.00000000e+03])}";36;12;2727.3693131633;0.04091146534695576;63.63636363636363;0.06451954944713997;42993.889323619915;0.11256230660908312;53405.97059935712;56655.70881497788;56899.34537042428;54938.83551914775;55713.51011038127;55523.901744576746;54751.99514225529;57794.20711026556;54995.79863705258;55534.15874946169;55813.28261556868;56098.312454658386;[-341.4705993571188, -5198.482364977877, -2076.8526204242808, 942.7278908522494, 3493.2815596187284, 2084.4805054232565, 2042.1986977447086, 1461.0519497344358, -869.2932070525858, 3761.9100905383093, -522.4280655686816, -4345.774274658383];-0.4926457684203914;0.893443653290966;11;85;-3.5097356063504983;-2.8961947486260944;-2.5852576124567475;False
1990-01_1997-02;1997-03_1998-02;BA;glp;ARIMA;"{'alphas': array([1.00000000e-03, 4.64158883e-03, 2.15443469e-02, 1.00000000e-01,
       4.64158883e-01, 2.15443469e+00, 1.00000000e+01, 4.64158883e+01,
       2.15443469e+02, 1.00000000e+03])}";36;12;2829.2997524217535;0.03847981288532395;81.81818181818181;0.6523339245646774;22322.404175365147;0.0998993482896566;52903.09543581009;54563.51811818369;56045.920251255986;53802.060067707025;54709.692721325686;54688.33585364483;53948.88197935361;55946.877699882054;53919.27081769217;54448.36231315219;54575.37041568152;54694.29849998564;[-393.65884581009595, -382.5108681836864, 2259.519968744011, 2274.2587722929748, 4717.678658674311, 3647.6913163551726, 400.26838064639014, -634.2309598820575, -117.35233769217302, 1392.153986847814, -2423.524405681521, -6444.4035699856395];-0.4145452665603312;0.9076417662208307;11;73;-3.5232835753964475;-2.902030597326081;-2.5883710883843123;False
1990-01_1996-02;1996-03_1997-02;BA;glp;ARIMA;"{'alphas': array([1.00000000e-03, 4.64158883e-03, 2.15443469e-02, 1.00000000e-01,
       4.64158883e-01, 2.15443469e+00, 1.00000000e+01, 4.64158883e+01,
       2.15443469e+02, 1.00000000e+03])}";36;12;2595.573164364663;0.04346777139441546;54.54545454545455;0.1776937710369185;51136.807355571385;0.10670347833663009;53227.301236382824;53073.87458287114;55455.497279000054;53102.28986917887;53476.54163665641;54424.64895742503;53578.843884300346;54843.6515086802;52981.96679600578;53548.83394688115;54034.6754911374;54330.29010256957;[-2471.6363763828267, -2252.5702328711413, -993.1204690000523, 2749.697450821128, 4248.157643343591, 2881.3419825749734, 1229.4151756996507, 1263.9843613197954, -1803.2330960057807, 2203.9885131188566, -1205.622951137404, -4700.3172725695695];-0.3708188455235862;0.9148581606734865;11;61;-3.542412746661615;-2.910236235808284;-2.5927445767266866;False
1990-01_1995-02;1995-03_1996-02;BA;glp;ARIMA;"{'alphas': array([1.00000000e-03, 4.64158883e-03, 2.15443469e-02, 1.00000000e-01,
       4.64158883e-01, 2.15443469e+00, 1.00000000e+01, 4.64158883e+01,
       2.15443469e+02, 1.00000000e+03])}";36;12;4500.126909715097;0.07687201959925041;72.72727272727273;2.9725535819558693;53294.668255590965;0.18061461416304167;48358.7911712646;53227.95209829537;51257.61945501607;53402.3476295027;46755.17252311803;51728.43315220373;48107.28975243189;58065.62693471777;46562.141536209725;57289.83676880951;53362.20993109241;50920.28164045775;[3987.0385387353963, -3484.2328982953695, 2225.539964983931, 3157.6487504972974, 7836.106466881967, 4585.58677779627, 6680.00372756811, -4915.587074717776, 5543.822233790277, -755.0994488095093, -3222.9400010924073, -2672.91570045775];-0.7131356669444873;0.8433177021156195;11;49;-3.5714715250448363;-2.922629480573571;-2.5993358475635153;False
1990-01_1994-02;1994-03_1995-02;BA;glp;ARIMA;"{'alphas': array([1.00000000e-03, 4.64158883e-03, 2.15443469e-02, 1.00000000e-01,
       4.64158883e-01, 2.15443469e+00, 1.00000000e+01, 4.64158883e+01,
       2.15443469e+02, 1.00000000e+03])}";36;12;3562.9777004950474;0.05903464781169468;36.36363636363637;-0.6776396347451464;98271.81720185664;0.12241069983420803;51016.164090824626;52455.152935291466;52426.74099178835;50583.4184784458;52696.83804923013;51614.02895707127;50805.978108289164;54241.77134207749;50577.37435718548;50445.07018459026;53659.665373153744;50739.85183428881;[-927.7927108246295, -3761.5061952914693, -2484.478311788349, 874.5688415542027, -942.8942092301295, 3985.385902928727, 3676.0291417108383, -230.3293120774906, 1957.7923128145194, 5323.284885409739, -5801.306673153747, -5850.33553428881];-5.329852969944512;4.747530526212781e-06;0;48;-3.5745892596209488;-2.9239543084490744;-2.6000391840277777;True
1990-01_1993-02;1993-03_1994-02;BA;glp;ARIMA;"{'alphas': array([1.00000000e-03, 4.64158883e-03, 2.15443469e-02, 1.00000000e-01,
       4.64158883e-01, 2.15443469e+00, 1.00000000e+01, 4.64158883e+01,
       2.15443469e+02, 1.00000000e+03])}";36;12;3943.1971766150205;0.06369961678858077;9.090909090909092;4.3427069060304255;155334.40476619473;0.13319855991559795;48711.29753177511;48711.807680802514;48711.74944557384;48710.27105060131;48711.99200155558;48712.729979892756;48711.92203297369;48711.73997952035;48712.0582820601;48711.50506290575;48711.526173196784;48712.7223787675;[3810.709718224891, -274.8674608025176, 2379.701644426161, 6679.006119398691, 4677.625748444414, 4263.987410107242, 629.1649270263079, 3749.841540479647, 264.72794793990033, 6699.670657094248, -2139.1040731967805, -4203.108248767501];-4.638441128300304;0.00010965875508611009;0;36;-3.626651907578875;-2.9459512825788754;-2.6116707716049383;True
